#(carId,StartTime,RoadId...)
(32918, 2, 5570, 5229, 6066, 6720, 5768, 5481, 5566, 6148, 6058, 5465, 6165, 5664, 5146, 6236, 6664, 5562)
(89940, 18, 5000, 5785, 6705, 5150, 6716, 5111, 6613, 5405, 6692)
(70867, 11, 5107, 5502, 5111, 6613, 6445, 6927, 6527)
(51471, 23, 6570, 6917, 6148, 6806, 6986, 5502, 6716, 5920, 6555)
(45036, 47, 5203, 6927, 5268, 5455, 5271, 6236, 5146)
(37459, 1, 5700, 5649, 5669, 5317, 6165, 6875, 6610, 5550, 5225, 6884)
(13098, 45, 5471, 5975, 6716, 5150, 5440, 5836, 5593, 5826, 5155, 6348, 6043, 5489)
(109748, 19, 5920, 6555, 6311, 6810, 5493, 5155, 6152, 6050)
(86454, 24, 5271, 6939, 5111, 6716, 5920, 6556, 5836, 5593, 5803)
(83679, 46, 6735, 6600, 6986, 6610, 5550, 5836, 5709, 5767, 5026, 6981, 5839, 5223)
(103383, 4, 6236, 6083, 6079, 5317, 5669, 6570, 5995, 6511, 5481)
(104933, 29, 6461, 6043, 6348, 6799, 6871, 5000, 5785, 6705, 5107)
(107567, 33, 5983, 6951, 6863, 5579, 6311, 5767, 6547, 6856, 6050, 5438, 5489)
(109107, 23, 5912, 5339, 6555, 6556, 5440, 5107, 6600, 6735, 5465)
(95263, 41, 6805, 5768, 6922, 6118, 6643, 5566, 6148, 6806, 6986, 6600, 6686, 5909, 5271)
(17691, 33, 6000, 5339, 6555, 5920, 5150, 6705, 5785, 6272, 6058, 5468, 5995, 5880)
(19604, 22, 5960, 6884, 5225, 5836, 6556, 5920, 6716, 5975, 5471)
(86938, 27, 6547, 6884, 5225, 5593, 5803, 6871)
(47433, 24, 6716, 5920, 6556, 5836, 5593, 5803, 6622, 6805, 6043)
(25758, 22, 6079, 6686, 5239, 5111, 5975, 6748, 5558, 5983, 5105)
(57385, 19, 5155, 5826, 6666, 5785, 6705, 5107, 6600, 6686)
(66332, 27, 5826, 5493, 6884, 6547, 5424, 6000, 5839, 5223)
(11213, 43, 5502, 6600, 6735, 5465, 6058, 6272, 5000, 6871, 6622, 6805)
(103472, 39, 6000, 5424, 5767, 6810, 5493, 5155, 6348, 6805, 6720, 5090, 6118)
(19825, 30, 6986, 6600, 5239, 6613, 5471, 6748, 5558, 5983, 5105)
(45649, 41, 6600, 6986, 6610, 5550, 5225, 5493, 5155, 6348, 6989)
(31458, 8, 5591, 6029, 5664, 6165, 6735, 6600, 5502, 6716, 5920, 5351)
(36315, 25, 5821, 6029, 5146, 6083, 6686, 6600, 5502, 6716, 5920, 6555, 6311, 5767, 5424, 6000)
(77324, 37, 5146, 6083, 6686, 5239, 6613, 6445, 5203, 6815, 5983, 5105, 6161, 5286)
(76158, 30, 5305, 5669, 5317, 6079, 5909, 6939, 5111, 6716, 5920, 6555, 6311, 5767, 5026, 6981)
(105220, 39, 5803, 5593, 5836, 6556, 5920, 5559, 6748, 5471, 5405, 6692)
(100043, 35, 6118, 6922, 5768, 6805, 6348, 6152, 5619, 6046, 6457, 6056, 6981, 5839, 5223)
(63492, 29, 5836, 5593, 6666, 6272, 6058, 6523, 5821, 5591, 5340, 6579)
(58772, 4, 5111, 5502, 6986, 6806, 6272, 6666, 5826, 5155, 6348)
(67033, 44, 5669, 5821, 6029, 5146, 6236, 5271, 5455, 5405, 5471, 6748, 6639, 6863, 6007)
(101262, 27, 6989, 6805, 6622, 5803, 6666, 6272, 6058, 6523, 5821, 6029, 5146, 6236, 6664, 5562)
(10948, 6, 6799, 6871, 5000, 6272, 6806, 6875, 6165, 6079, 5909, 5455)
(12564, 40, 6236, 5146, 5664, 6165, 6875, 6806, 6272, 6666, 5826, 5155, 6348)
(23365, 27, 5090, 6720, 6622, 6799, 5155, 5493, 6810, 5767, 5424, 5912, 6403)
(92157, 5, 5150, 5107, 6600, 6686, 6079, 5664, 6029)
(32102, 32, 6805, 6043, 5438, 5619, 6046, 6457)
(45467, 24, 5317, 5669, 6570, 5995, 5880, 6174, 6118, 5090, 6066, 5229)
(23869, 4, 6922, 5481, 6511, 5995, 6570, 5305, 5591, 6029, 5146, 6236, 6664)
(47748, 16, 6000, 5424, 6547, 6856, 5131, 5826, 6666)
(67477, 30, 5223, 5839, 6000, 5339, 6555, 5920, 5150, 6705, 5785, 5000, 6055, 6922)
(79253, 38, 6272, 6666, 5826, 5493, 6884, 6547, 5424, 6000)
(81891, 48, 6871, 6681, 6917, 6570, 5305, 5591, 6029, 5146, 6236)
(18928, 13, 5317, 5669, 5649, 5397, 6511, 5481, 5768, 6805, 6043)
(30814, 10, 6927, 5203, 6815, 5558, 5559, 5920, 6556, 5836, 5593, 5803, 6622, 6720)
(107047, 25, 6613, 5111, 6716, 5920, 6556, 5709, 5767, 6547, 6856, 6050, 5619, 5834)
(17878, 37, 5960, 6856, 5131, 5826, 5803, 6871, 6681, 6917, 6570, 5649, 6209)
(78686, 6, 5803, 6666, 5785, 6610, 6875, 6735, 6686, 5909)
(87014, 9, 6152, 6799, 5803, 5593, 5550, 6705)
(46456, 49, 5579, 6311, 5709, 5440, 6705, 5785, 6272, 6058, 6523, 5821)
(98671, 42, 6927, 6445, 5471, 5975, 6716, 5150, 6705, 5550, 5593, 5803, 6799)
(103319, 31, 5566, 6681, 5000, 6666, 5593, 5225, 6810, 5767, 5424, 6000)
(64773, 17, 6348, 6799, 6871, 5000, 6272, 6806, 6986, 5502, 5111, 6613, 6445)
(84120, 48, 6681, 5000, 5785, 6705, 5440, 5709, 6311, 5579, 6776)
(17225, 32, 6927, 6445, 6613, 5239, 6735, 5465, 6058, 6272, 6666, 5826)
(101404, 42, 6527, 5268, 5455, 6939, 5239, 6735, 5465, 6058, 6148, 5566, 6643)
(89915, 29, 5960, 6884, 6810, 5709, 5440, 5150, 6716, 5111, 6939, 5455, 5268)
(83145, 8, 6547, 6884, 5225, 5593, 5803, 6622, 5768, 5481, 6511)
(106659, 29, 5960, 6884, 5225, 5593, 5803, 6622)
(24402, 6, 5424, 5767, 5709, 5440, 5107, 6600, 6735, 5465)
(93851, 46, 5566, 6148, 6806, 6610, 5550, 5836, 5709, 5767, 5026)
(41813, 39, 6600, 6735, 5465, 6058, 6148, 5566, 5481, 5768, 6805, 6043, 6461)
(102431, 40, 6043, 6348, 5155, 5826, 6666, 6272, 6058, 6523, 5317, 6079, 5909, 5455, 5268)
(10265, 15, 6029, 5591, 5305, 6570, 5995, 5880, 6174)
(22666, 42, 6556, 5920, 5559, 5558, 6815, 5203, 6927, 6527)
(80667, 49, 5566, 6681, 5000, 5785, 5550, 5225, 6810, 6311, 5579)
(97996, 14, 5550, 6705, 5107, 6600, 5239, 6613)
(66753, 19, 6457, 6513, 5131, 5826, 6666, 5000, 6055, 5481, 6511, 5397)
(86077, 40, 6639, 5559, 6716, 5502, 6986, 6875, 6165, 5317, 5669, 5305, 5340, 6579)
(101704, 9, 5803, 6666, 6272, 6806, 6875, 6735, 6686, 5909, 5455, 5268)
(53936, 39, 6686, 6735, 6875, 6806, 6272, 5000, 6055, 6922, 5090, 6066, 5229, 5570)
(58590, 16, 5465, 6875, 6986, 5502, 6716, 5559, 6639, 6863, 6776, 6161, 5286)
(44013, 16, 6805, 5768, 5481, 5566, 6917, 6570, 5669, 5317, 6079)
(35659, 27, 5105, 6951, 6639, 6748, 5975, 5502, 6986, 6806, 6148, 5566)
(54984, 34, 6555, 6556, 5440, 6705, 5785, 5000, 6681, 6917, 6570)
(48702, 3, 6556, 5440, 6705, 5785, 5000, 6681, 6917, 6570)
(109377, 28, 5223, 5839, 6981, 5026, 6547, 6884, 5493, 5155, 6799, 6871, 6681, 6917)
(38061, 26, 6579, 5700, 5649, 5669, 5317, 6165, 6735, 5239, 6613, 5471, 6748, 6639)
(79872, 32, 5317, 6165, 6735, 5239, 5111, 6716, 5920)
(23585, 5, 5438, 6050, 5131, 5826, 5593, 5550, 6705, 5150, 5559)
(40558, 42, 5502, 6986, 6610, 5550, 5225, 5493, 5826, 5803, 6622, 6805, 6043)
(77055, 26, 6066, 5090, 6922, 5481, 5566, 6148, 6806, 6986, 5502, 5975, 5471)
(86306, 13, 5026, 5767, 5709, 5836, 5550, 6610, 6875, 5465, 5468, 5995)
(48913, 7, 6799, 5803, 5593, 5550, 6705, 5107, 5502, 5975, 5471, 6445)
(28821, 42, 5995, 6917, 6148, 6806, 6610, 5550, 5225, 6810, 5767, 5026)
(18195, 5, 5111, 5502, 6986, 6806, 6272, 6666, 5826, 5155, 6152, 6050)
(91447, 16, 5340, 5591, 5821, 5669, 6570, 5468, 6058, 6806, 6986)
(79445, 33, 5562, 6692, 5455, 6939, 5239, 6735, 6875, 6610, 5785, 6666, 5803)
(50187, 20, 6079, 5317, 5669, 5649, 5397, 5880, 6174, 6118, 5090)
(63123, 15, 5131, 5493, 6810, 5709, 6556, 5351, 6639, 6748, 5471, 5405)
(95488, 36, 5468, 5465, 6735, 5239, 5111, 6716, 5920, 6555, 6311, 5767, 5424)
(26452, 19, 6986, 6610, 5550, 5225, 5493, 5155, 6348)
(90109, 11, 5821, 5317, 6165, 6735, 6600, 5502, 6716, 5920, 6555, 6311, 5767, 5026, 6981)
(84959, 37, 6927, 5203, 6815, 5558, 5559, 5150, 6705, 5785, 5000, 6055, 6922)
(55112, 34, 5229, 6066, 5090, 6922, 5481, 5566, 6917, 5468, 6523, 5317, 6079, 5909)
(72520, 16, 6720, 6622, 6799, 6152, 5619, 6046)
(37614, 29, 5836, 6556, 5920, 6716, 5975, 5471, 5405)
(40368, 35, 5502, 6986, 6610, 5550, 5593, 5803, 6799, 6348, 6043, 6461)
(86260, 37, 5909, 6079, 5317, 5669, 6570, 6917, 6681, 6871, 5803, 5826, 5155, 6152, 5619, 6046)
(81258, 36, 6029, 5821, 5669, 6570, 6917, 5566, 5481)
(36968, 29, 5440, 5836, 5593, 5803, 6799, 6152)
(71698, 22, 6445, 6613, 5239, 6600, 6986, 6610, 5550, 5225, 6810)
(34466, 44, 6511, 5481, 6922, 5090, 6720, 6622, 5803, 5593, 5836)
(40895, 26, 6007, 5579, 6311, 6810, 5493, 5155, 6348, 6805, 5768, 5481, 6511, 5397, 5700)
(55266, 35, 5502, 5111, 6939, 5455, 5268, 6527)
(32573, 33, 6118, 6922, 5768, 6805, 6348, 6152, 6050, 6856, 6547, 5026, 6981, 5839, 5223)
(107574, 21, 6666, 6272, 6806, 6875, 6165, 6079, 6083, 6236)
(15845, 4, 5591, 5821, 5317, 6079, 5909, 5455, 5405, 5471, 6748, 6639, 6951)
(50147, 5, 6681, 6148, 6058, 6523, 5317, 6079, 5909, 5455, 5268)
(73980, 5, 6050, 6856, 6547, 5767, 6311, 6555, 5920)
(92896, 2, 5268, 5455, 6939, 5239, 6600, 6986, 6806, 6272, 6666, 5826)
(46030, 5, 6735, 5465, 6058, 6148, 5566, 5481, 5768)
(57096, 2, 6875, 6610, 5785, 6666, 5826, 5155, 6348)
(108454, 9, 5983, 6815, 5203, 6445, 5405, 6692, 6664, 6236, 5146, 6029, 5591)
(10833, 46, 6927, 5203, 6815, 5983, 6951, 5351, 6556, 5836, 5593, 5803)
(73248, 37, 6007, 5579, 6555, 5920, 6716, 5502, 6986, 6875)
(23309, 26, 5405, 5471, 5975, 6716, 5150, 6705, 5550, 5225, 6884, 6856)
(107000, 35, 6165, 6875, 6610, 6705, 5150, 5559, 5558, 5983, 5105, 6161)
(95481, 49, 6272, 6058, 5465, 6165, 6079, 5909, 5455, 5268)
(98306, 20, 6457, 5960, 6884, 6810, 6311, 6555, 5920, 6716)
(52683, 34, 5225, 5493, 5155, 6152, 5438, 5489, 5570)
(49548, 17, 6720, 5768, 6922, 6118, 6643, 5566, 6148, 6058, 6523, 5317, 5664, 5146, 6236)
(106723, 49, 6029, 5146, 6083, 5909, 6939, 5111, 6716, 5920, 6555, 6311, 5767, 5424)
(42321, 21, 6989, 6348, 5155, 5493, 5225, 5836, 5440, 5107, 6600, 6686, 6083)
(101899, 8, 6570, 6917, 6681, 5000, 6666, 5593, 5836, 5709, 5767)
(46464, 11, 6927, 5203, 5760, 6748, 6639, 5351, 6555, 6311, 6810, 5493, 5155)
(44497, 48, 6622, 5803, 5593, 5550, 6610, 6986, 6600, 5239)
(24822, 25, 6556, 5440, 6705, 5785, 5000, 6681, 5566, 6511)
(91271, 20, 6161, 5105, 6951, 6639, 5559, 5150, 6705)
(100835, 18, 5397, 6511, 5566, 6681, 5000, 6666, 5826, 5493, 6810, 6311, 5579, 6776)
(70425, 39, 5090, 6118, 6174, 5880, 5995, 5468, 6523, 5317, 5664)
(104067, 36, 5826, 5593, 5550, 6705, 5150, 6716, 5111, 6613, 5405, 6692)
(99140, 4, 6007, 6863, 6639, 5559, 6716, 5502, 6986, 6806, 6058, 5468, 6570, 5305)
(54309, 46, 6174, 6736, 6821, 6579, 5340, 5591, 6029, 5146, 6236)
(23689, 2, 6007, 6863, 6639, 5559, 5150, 6705, 5785, 5000, 6055)
(36068, 40, 5155, 5493, 6810, 5709, 5440, 5150, 6716, 5975, 5760, 5203)
(48619, 1, 6066, 6720, 5768, 5481, 6511, 5397, 5649, 5669, 5317, 6079, 5909)
(105017, 22, 5339, 6311, 5709, 5440, 5107, 6600, 6686, 6079, 5317, 5669, 5649, 6209, 6821)
(60585, 29, 6917, 5468, 5465, 6165, 6079, 6083, 6236, 6664)
(97227, 28, 5767, 6810, 5493, 5155, 6799, 6622, 6720, 5090, 6118, 6174, 6736)
(67059, 44, 5803, 6622, 6805, 6043, 6461, 5970)
(97741, 39, 6058, 6806, 6610, 6705, 5150, 5920, 5351, 6951, 5105, 6161, 5286)
(25159, 36, 5471, 6613, 6939, 5909, 6079, 5664)
(95970, 35, 6547, 6856, 6050, 6152, 6799, 6871)
(107603, 23, 5664, 6079, 6686, 5239, 6613, 5471)
(70093, 39, 6871, 5000, 5785, 6610, 6875, 6735, 5239, 6939, 5271, 6664)
(19666, 25, 5155, 5826, 6666, 6272, 6058, 5465, 6735, 5239)
(34829, 15, 5223, 5713, 5912, 5424, 5767, 6810, 5225, 5550, 6610, 6875)
(65612, 42, 6174, 6643, 5481, 5768, 6622, 5803, 5593, 5836, 6556, 5351, 6951)
(34781, 42, 6148, 6681, 6871, 6622, 6720, 6066, 5229, 5570)
(88490, 14, 5105, 6776, 6007, 5912, 6000, 6981, 6056, 6457, 6046)
(81448, 15, 5593, 6666, 5000, 6055, 5481, 6643, 6174)
(49853, 40, 6951, 5351, 6556, 5836, 5593, 5803, 6871, 6055, 6922, 6118, 6174, 6736, 6821)
(37599, 7, 6981, 6056, 6457, 6513, 5131, 5826, 6666, 6272)
(44704, 17, 5489, 6043, 6805, 5768, 5481, 5566, 6917, 6570, 5305, 5591, 6029, 5146, 6236)
(107656, 14, 5000, 6055, 6922, 5090, 6066, 5229, 5570)
(100850, 47, 6272, 6058, 5465, 6165, 6079, 5909, 5455)
(61460, 5, 5111, 6716, 5920, 6556, 5709, 6810, 5493, 5826, 5803, 6622, 6805, 6043, 5489, 5570)
(79517, 9, 6050, 5131, 5493, 5225, 5836, 5440)
(102114, 33, 6152, 6799, 5803, 6666, 6272, 6058, 5465, 6165, 6079)
(38085, 49, 6174, 6118, 6922, 5768, 6805, 6348, 5155, 5493, 6810, 6311, 5579)
(31466, 48, 6527, 6927, 6445, 6613, 5111, 5502, 6986, 6610, 5550, 5593)
(103678, 2, 5471, 5975, 6716, 5920, 6556, 5709, 5767, 5026, 6056, 6457, 6046)
(97682, 13, 5700, 5649, 6570, 6917, 6681, 5000, 6666, 5826, 5493, 6884, 6547, 5424, 5912, 6403)
(53259, 41, 5550, 6610, 6875, 6165, 5317, 5821, 5591, 5340, 6579)
(62617, 19, 5229, 6989, 6348, 5155, 5493, 6810, 6311, 6555, 5920, 6716, 5111)
(102764, 11, 6461, 6043, 6348, 5155, 5826, 5593, 5836, 5440, 5150)
(96031, 19, 6348, 5155, 5826, 6666, 5785, 6610, 6986, 5502, 5111, 6613, 5405, 6692)
(85069, 38, 5785, 6666, 5826, 5155, 6348, 6043, 5489)
(88505, 1, 6692, 5405, 5471, 6748, 6639, 6863, 5579, 6311, 6810)
(94706, 13, 6863, 5351, 5920, 5150, 6705, 5785, 6272, 6148, 5566, 6643, 6174, 6736)
(47559, 33, 6165, 6875, 6986, 5502, 6716, 5920, 5351, 6863, 6007, 6403)
(17363, 18, 5455, 6939, 5111, 6716, 5150, 6705, 5785)
(99843, 37, 6457, 5960, 6547, 5424, 5912, 6403, 6161, 5105, 5983, 6815)
(12743, 6, 6871, 5803, 5826, 5155, 6152, 6050, 6856, 6547, 5424, 5912)
(76952, 7, 5920, 6716, 5111, 5239, 6735, 5465, 6523, 5821, 5591, 5340, 6579)
(31246, 8, 5305, 5669, 5317, 6079, 5909, 6939, 5111, 5975, 6748, 6639, 6863)
(34346, 25, 5481, 5566, 6917, 5468, 5465, 6165, 5664, 5146, 6236, 6664, 5562)
(75531, 9, 5239, 6613, 6445, 5203, 6815, 5983, 5105)
(51544, 8, 6000, 5424, 5767, 5709, 5440, 5107, 6986, 6806, 6148, 6917, 5995)
(30288, 14, 6705, 5785, 5000, 6055, 5481, 6511, 5880, 6736, 6821)
(16276, 48, 5131, 5493, 6810, 5709, 5440, 5150)
(105880, 42, 5239, 6613, 6445, 5203, 6815, 5983)
(69705, 18, 5836, 6556, 5351, 6639, 6748, 5471, 6445, 6927)
(68502, 29, 6556, 5836, 5550, 5785, 6272, 6148, 6917, 6570, 5305)
(96840, 20, 5438, 6152, 6799, 6871, 5000, 5785, 6610, 6875, 6165)
(16182, 35, 6174, 6118, 5090, 6720, 6622, 6799, 5155, 5493, 6810, 5767, 5424, 5912, 6403)
(100984, 5, 5960, 6884, 5225, 5836, 6556, 5351, 6639, 6748, 5471, 5405)
(96824, 7, 6810, 5493, 5826, 6666, 6272, 6058, 5468, 6570, 5649)
(64629, 46, 5105, 6951, 5351, 5920, 6716, 5111, 5239, 6735)
(19095, 38, 6664, 6236, 5146, 5664, 6165, 6875, 6610, 5550)
(71189, 44, 6000, 5424, 5767, 5709, 5836, 5593, 6666, 6272, 6058)
(89298, 36, 6148, 6272, 6666, 5826, 5493, 6810, 5767, 5424, 6000)
(33320, 10, 5821, 5317, 6079, 6686, 6600, 5502, 5975, 6748, 6639)
(90410, 24, 5155, 5826, 6666, 5785, 6610, 6986, 5502, 5111, 6939, 5271, 6664, 5562)
(73811, 24, 5239, 6735, 5465, 6058, 6272, 6666, 5826)
(10853, 38, 6311, 6555, 5351, 6951, 5983, 6815, 5203)
(21859, 38, 6681, 6871, 6799, 5155, 5493, 6810, 6311, 5579, 6776)
(36295, 43, 6863, 6639, 6748, 5975, 5502, 6986, 6806, 6058, 5468, 6570, 5649, 5700)
(13888, 39, 6272, 5785, 5550, 5225, 6884, 6547, 5424, 6000)
(22742, 9, 5983, 5558, 5559, 5150, 6705, 5785, 6272, 6058, 6523, 5821)
(105192, 47, 6461, 5438, 6050, 6856, 6884, 5225, 5836, 5440, 5150, 6716, 5111, 6939, 5271)
(15537, 41, 6029, 5146, 6236, 6664, 6692, 5405, 5471, 6748, 6639, 6863, 6007)
(43661, 41, 5340, 5305, 6570, 6917, 6148, 6272, 6666, 5593, 5836, 5709, 6311, 5579, 6007, 5713)
(28764, 16, 5465, 6875, 6610, 6705, 5150, 5920, 6555, 6311, 5767, 5424)
(55198, 48, 6884, 5225, 5550, 6610, 6875, 6165, 5317, 5669, 5305, 5340, 6579)
(102686, 17, 5271, 5909, 6686, 6735, 5465, 6058, 6272, 6666, 5826, 5155, 6152, 5438, 6461)
(62062, 43, 6118, 6174, 5880, 5397, 5649, 5669, 5317, 6079, 5909)
(79377, 35, 6046, 6513, 6856, 6547, 5424, 5339, 6555, 5351, 6951, 5983)
(103908, 35, 5471, 6613, 5239, 6686, 6083, 5146, 6029, 5591)
(69270, 12, 6029, 5664, 6165, 6875, 6986, 5502, 6716, 5920, 6555)
(92327, 12, 6029, 5664, 6165, 6875, 6610, 6705, 5150, 5559, 5558)
(47457, 43, 5920, 5150, 6705, 5785, 6272, 6148, 5566, 6511, 5397)
(10964, 21, 6986, 5502, 5975, 6748, 5558, 5983, 5105, 6161)
(45010, 10, 6805, 6622, 6871, 6681, 6917, 5468, 5465, 6735, 5239, 6613, 5405, 5268, 6527)
(62799, 42, 6152, 5155, 5493, 6810, 5709, 5440, 5150)
(10111, 18, 5983, 6815, 5760, 5975, 5111, 6939, 5909, 6079, 5317, 5669)
(101133, 8, 5493, 5225, 5550, 6705, 5107, 6600, 5239)
(79392, 5, 5225, 6884, 5960, 6056, 6981, 5839)
(17970, 49, 5669, 5649, 6209, 6736, 6174, 6118, 5090, 6066, 5229)
(44589, 6, 6348, 5155, 5493, 6810, 5709, 5440, 5107, 5502, 5975, 5471, 5405)
(13580, 10, 6555, 6311, 6810, 6884, 6856, 6513)
(103526, 5, 6161, 5105, 5983, 6815, 5203, 6445, 6613, 5239, 6735)
(85576, 29, 5131, 5826, 6666, 5785, 6705, 5107, 6600, 6686, 6083, 6236, 6664)
(104944, 47, 5502, 6986, 6610, 5550, 5593, 5803, 6622, 6720, 6066, 5229)
(78402, 2, 5826, 6666, 5785, 6705, 5150, 6716, 5111, 6613)
(91224, 25, 6555, 6556, 5440, 6705, 5785, 6272, 6058, 5468)
(78794, 35, 5760, 6748, 5559, 5150, 6705, 5785, 6666, 5826, 5155, 6348)
(57764, 25, 6056, 5960, 6856, 5131, 5155, 6799, 6871, 6681, 6917, 6570, 5305)
(67454, 29, 6610, 6806, 6148, 5566, 6511, 5397)
(68483, 46, 5286, 6161, 5105, 5983, 5558, 6748, 5975, 5111, 5239, 6735, 5465, 5468)
(14086, 26, 5975, 6716, 5150, 6705, 5550, 5593, 5826, 5155, 6152, 5438)
(60810, 34, 5155, 5493, 6810, 6311, 6555, 5920, 6716, 5975, 5471, 5405, 6692)
(20071, 48, 5920, 6555, 6311, 5767, 6547, 6856, 6050, 5438)
(78596, 41, 5593, 6666, 5000, 6681, 6917, 5995, 5397, 5700, 6579)
(101881, 29, 5768, 6805, 6043, 5438, 6050, 6856, 6547)
(61207, 36, 5471, 5975, 5502, 6600, 6735, 6875, 6806, 6272, 6666)
(100206, 9, 5203, 5760, 6748, 6639, 6863, 5579, 6311, 6810, 5493, 5155, 6152, 5619, 6046)
(79911, 45, 6622, 5803, 5593, 5836, 6556, 5920, 5559, 6748, 5471, 5405)
(18008, 27, 6079, 6165, 6875, 6806, 6148, 5566, 5481, 5768, 6805)
(18117, 7, 5203, 6927, 6527, 5562, 6664, 6236, 5146, 6029, 5591)
(67657, 1, 6989, 6805, 5768, 6922, 6118, 6643, 5566, 6148, 6806, 6986, 5502, 5975)
(12053, 12, 5489, 6043, 6805, 6622, 5803, 6666, 5785, 6610, 6875, 6735)
(88543, 7, 5700, 5397, 6511, 5566, 6681, 6871, 5803, 5593, 5836)
(102387, 45, 6165, 6875, 6986, 5502, 5975, 6748, 6639)
(44028, 40, 6736, 5880, 6511, 5566, 6681, 5000, 5785, 6705, 5150)
(109689, 36, 5203, 6815, 5983, 5105, 6776, 5579, 6311, 6810, 6884, 6856, 6050, 5438, 5489)
(71736, 35, 5229, 6989, 6348, 5155, 5493, 6810, 6311, 5579, 6776, 5105, 5983, 6815)
(37703, 32, 5438, 6050, 5131, 5493, 6810, 6311, 6555, 5920, 6716, 5975, 5471, 6445)
(81704, 4, 5317, 6165, 6735, 5239, 6613, 5471, 6748, 6639, 6863, 6007)
(41454, 38, 6884, 5225, 5550, 6610, 6875, 6735, 5239, 6613, 6445)
(67308, 22, 6118, 5090, 6066, 6989, 6348, 5155, 5493, 6810, 6311, 5579)
(85465, 28, 5558, 5559, 5150, 5107, 6986, 6875, 6165)
(64751, 4, 5960, 6884, 5225, 5593, 5803, 6622, 5768, 5481, 6511, 5397, 5700)
(104688, 48, 6029, 5146, 6236, 5271, 6939, 5111, 6716)
(96270, 38, 5502, 6986, 6806, 6148, 6917, 6570, 5305)
(43425, 40, 6856, 6884, 5225, 5836, 5440, 5150, 5559, 6748, 5471)
(23564, 15, 5785, 5000, 6055, 6922, 5090, 6066, 5229, 5570)
(14064, 2, 6348, 5155, 5826, 6666, 6272, 6058, 5465, 6735)
(87534, 44, 5880, 6511, 5566, 6148, 6272, 5785, 5550, 5225, 6810, 6311, 5579, 6007, 5713)
(63733, 26, 5090, 6922, 5481, 6511, 5995, 5468, 5465)
(24620, 34, 6805, 5768, 5481, 5566, 6917, 6570, 5669, 5821, 6029, 5146, 6236)
(41079, 29, 6527, 6927, 5203, 6815, 5558, 5559, 5150, 6705, 5785, 5000, 6055, 6922)
(43706, 41, 6989, 6805, 6622, 5803, 6666, 5785, 6705, 5107, 5502, 5975, 5471, 6445, 6927)
(24412, 43, 5960, 6856, 6050, 5438, 6043, 6805, 5768, 5481)
(54570, 12, 6445, 5471, 6748, 5559, 5920, 6556, 5836, 5225, 6884, 6856, 6050, 5438, 6461, 5970)
(32963, 27, 5203, 6445, 6613, 5239, 6686, 6083, 5146)
(48267, 10, 5760, 5975, 5502, 6986, 6806, 6148, 6917, 6570, 5305, 5340, 6579)
(77028, 4, 5700, 5649, 5669, 5317, 6079, 6686, 6600, 6986, 6610, 5550, 5836, 5709, 5767)
(17657, 30, 6871, 5000, 5785, 6610, 6875, 6165, 6079)
(65488, 11, 5268, 5405, 6613, 5239, 6735, 5465, 6058, 6148, 6681, 6055, 6922, 5090, 6066, 5229)
(78670, 12, 5836, 5440, 5150, 6716, 5975, 5471, 5405)
(47751, 6, 5111, 5502, 6986, 6806, 6272, 5000, 6871, 6622)
(30860, 15, 6806, 6986, 5502, 6716, 5559, 6639, 6863, 6776, 6161)
(51467, 10, 6951, 6639, 6748, 5975, 5502, 6600, 6735, 6165, 5317)
(61459, 19, 5105, 5983, 6815, 5760, 5975, 5502, 6986, 6806)
(61228, 21, 6161, 6776, 6863, 5351, 6556, 5440, 6705, 6610, 6806, 6148, 5566, 6643, 6174)
(12777, 23, 6050, 6856, 6547, 5767, 5709, 5440, 5107, 5502, 5111, 6939)
(106085, 43, 6986, 6610, 5550, 5593, 5803, 6799, 6152, 5619)
(22633, 33, 6079, 5317, 5669, 6570, 6917, 5566, 5481, 6922, 5090, 6066, 5229)
(58056, 43, 6056, 6981, 6000, 5912, 6403, 6161, 5105, 5983, 6815, 5203)
(82389, 14, 6917, 5468, 6523, 5317, 6079, 6083, 6236, 6664)
(86382, 15, 5440, 5107, 6600, 6686, 6079, 5317, 5669, 5649)
(99204, 41, 5225, 5550, 6610, 6875, 5465, 5468, 5995)
(80284, 32, 6951, 5351, 6556, 5440, 5107, 6600, 6686, 6079, 5317, 5669, 5649, 6209)
(21683, 14, 6570, 5468, 5465, 6875, 6610, 6705, 5150, 5559)
(71274, 34, 6056, 5960, 6856, 6050, 6152, 6799, 6871, 6681, 6917, 6570)
(42647, 36, 5239, 6735, 5465, 6058, 6148, 6681, 6055, 5768, 6805, 6043)
(36461, 3, 5317, 6079, 6686, 6600, 6986, 6610, 5550, 5225, 6810, 6311, 5579, 6007)
(104027, 27, 6735, 6600, 5502, 6716, 5920, 5351, 6863, 6007)
(43603, 36, 5975, 6716, 5150, 6705, 5550, 5593, 5826, 5155, 6152)
(106848, 20, 5225, 5550, 5785, 5000, 6681, 5566, 6511, 5397, 5700)
(67915, 25, 5570, 5229, 6989, 6348, 6799, 5803, 6666, 5785, 6610, 6875, 6735, 6686, 6083)
(31936, 44, 5440, 5836, 5225, 5493, 5155, 6348, 6043)
(14745, 47, 6570, 5468, 5465, 6875, 6610, 5550, 5836, 6556, 6555, 6311, 5767, 5424, 6000)
(77786, 46, 6692, 5405, 6613, 5111, 5502, 6600, 6735, 5465, 6058, 6272, 6666)
(69354, 16, 6686, 6735, 6875, 6610, 5785, 5000, 6871, 6622, 6720)
(86003, 40, 5909, 6079, 6165, 5465, 6058, 6272, 6666, 5826)
(68828, 3, 6917, 6148, 6272, 5785, 5550, 5836, 5709, 5767, 5026)
(53327, 6, 6513, 6856, 6547, 5767, 6311, 5579, 6863, 6639)
(55371, 43, 6735, 5239, 6613, 5471, 6748, 6639)
(15433, 10, 5271, 5909, 6079, 5317, 5669, 6570, 5468, 6058, 6272, 6666, 5826, 5155, 6152, 6050, 6513)
(61832, 42, 6148, 6806, 6986, 5502, 6716, 5920, 6555, 6311, 5767, 5026, 6981)
(40506, 31, 5760, 5975, 5502, 6986, 6610, 5550, 5225, 6884, 5960)
(11291, 7, 6666, 6272, 6148, 6917, 5995, 5880)
(98991, 48, 5591, 6029, 5146, 6083, 6686, 6600, 6986, 6610, 5550, 5836)
(93637, 35, 5155, 5493, 6810, 5709, 6556, 5351, 6639, 6748, 5471, 5405, 6692)
(15783, 38, 5550, 5593, 5826, 5155, 6348, 6043, 6461, 5970)
(85126, 12, 6939, 5111, 5502, 6986, 6806, 6148, 5566, 6643, 6118, 5090)
(90403, 9, 6457, 5960, 6884, 5225, 5550, 6705, 5150, 6716, 5111, 6939, 5271)
(67363, 38, 6457, 5960, 6884, 6810, 6311, 6555, 5920, 6716, 5111, 6939, 5271)
(84469, 25, 6165, 6735, 6600, 5502, 6716, 5559, 6639, 6951)
(43781, 24, 6056, 5026, 5767, 6311, 6555, 5351, 6639, 5558, 6815, 5203, 6927)
(48802, 36, 5317, 6165, 6735, 6600, 5502, 5975, 6748, 6639, 6951)
(39256, 46, 6118, 6174, 5880, 5397, 5700, 5340, 5591, 6029, 5146, 6236, 6664, 5562)
(92457, 21, 6513, 6856, 6884, 5225, 5550, 6610, 6986, 6600, 5239, 6939, 5455)
(90274, 3, 6986, 6875, 5465, 5468, 6570, 5305)
(52382, 31, 6986, 6610, 5550, 5593, 5803, 6622, 6805, 6043)
(108220, 4, 6272, 5785, 6705, 5150, 5920, 5351, 6863, 6007, 5713)
(11245, 32, 5768, 5481, 6511, 5397, 5649, 5669, 5317, 6079)
(108378, 19, 5570, 5489, 6043, 6805, 5768, 5481, 6511, 5995, 5468, 5465)
(93063, 6, 6311, 5709, 5836, 5550, 5785, 6272, 6058, 5468, 5995, 5397)
(73776, 15, 5912, 5339, 6311, 5709, 5440, 5107, 6986)
(11259, 17, 5619, 6050, 5131, 5826, 6666, 6272, 6806, 6986, 5502, 5975, 5760)
(23544, 26, 5481, 5566, 6148, 6058, 6523, 5317, 6079, 5909)
(45082, 29, 6821, 6736, 5880, 5995, 5468, 5465, 6735, 6600, 5502, 6716, 5559, 5558, 5983)
(65858, 26, 6152, 5155, 5493, 6810, 5709, 6556, 5920)
(106281, 17, 5150, 6705, 6610, 6806, 6058, 6523, 5669, 5649, 6209)
(71861, 42, 6748, 6639, 5351, 6555, 6311, 6810, 5493, 5155, 6348, 6043, 6461)
(36598, 34, 5440, 5709, 5767, 5424, 5912, 6403, 5286)
(46378, 41, 5090, 6720, 6622, 6799, 5155, 5493, 6884, 6547, 5026, 6981, 5839, 5223)
(29696, 14, 5821, 5317, 6079, 5909, 6939, 6613, 5471, 6748, 5558)
(31280, 34, 6555, 6556, 5440, 6705, 6610, 6806, 6148, 5566, 6643)
(80301, 45, 5836, 5440, 5150, 6716, 5111, 6613, 6445)
(69654, 22, 5455, 6939, 5239, 6600, 6986, 6806, 6148, 6681, 6871, 6799)
(91290, 32, 6527, 6927, 6445, 5471, 5975, 6716, 5150, 5440, 5709, 6810, 6884, 6856, 6050, 5438, 5489, 5570)
(13021, 29, 5713, 5912, 5339, 6311, 6810, 5225, 5550, 5785, 6272, 6058, 6523)
(76487, 43, 5664, 6165, 6875, 6806, 6148, 5566)
(78229, 31, 5803, 6666, 6272, 6806, 6986, 5502, 5975, 5471, 5405)
(95049, 7, 5000, 5785, 6705, 5107, 6600, 6686)
(10203, 13, 5821, 5317, 6165, 6735, 6600, 5502, 6716, 5920, 6555, 6311, 5767, 5424, 6000)
(67162, 44, 6579, 5340, 5305, 6570, 5468, 6058, 6272)
(102625, 25, 6622, 5803, 5593, 5836, 6556, 5920, 5559, 6748, 5760, 5203)
(47131, 45, 5559, 6716, 5502, 6986, 6875, 6165)
(11199, 3, 6810, 5493, 5826, 5803, 6871, 6681, 6917, 6570, 5649, 6209)
(56438, 14, 5317, 6079, 6686, 5239, 5111, 5975, 6748, 6639, 6863)
(49135, 46, 5481, 5768, 6622, 6799, 6152, 5619, 6046, 6457)
(57449, 13, 5562, 6692, 5405, 5471, 5975, 6716, 5150)
(10884, 43, 6776, 5579, 6555, 5920, 6716, 5111, 5239, 6686, 6079)
(32707, 3, 5826, 6666, 5785, 6705, 5107, 5502, 5111, 6939, 5271, 6664)
(49150, 26, 6161, 5105, 5983, 5558, 5559, 5150)
(31932, 38, 6058, 6523, 5821, 6029, 5146, 6236, 6664)
(79811, 32, 6776, 6863, 5351, 6556, 5440, 5107, 6986, 6875, 6165)
(24107, 12, 5912, 5339, 6555, 5920, 6716, 5502, 6986, 6875, 6165)
(105654, 22, 6810, 5493, 5826, 6666, 6272, 6058, 6523, 5669, 5649, 6209, 6821)
(28008, 15, 6705, 5150, 5559, 6748, 5471, 5405, 6692)
(25229, 38, 6666, 5803, 6622, 6805, 6989, 5229, 5570)
(104311, 35, 5912, 5339, 6311, 6810, 5225, 5550, 6610, 6875)
(11234, 1, 6664, 5271, 6939, 5111, 5502, 6986, 6806, 6272)
(32816, 25, 6716, 5150, 6705, 5550, 5593, 5826, 5155)
(49779, 16, 6989, 6805, 6622, 5803, 6666, 6272, 6806, 6875)
(51195, 33, 5593, 6666, 6272, 6148, 5566, 6511, 5397, 5700)
(83698, 30, 5131, 5155, 6799, 6871, 6681, 5566, 6643, 6174, 6736, 6821)
(36851, 2, 5593, 6666, 5000, 6055, 5481, 6511, 5397)
(26387, 29, 5649, 5669, 5821, 6029, 5664, 6165, 6875, 6610, 5550, 5225, 6884)
(47717, 43, 6735, 6875, 6610, 5550, 5225, 6884, 6856, 6050, 5438, 5489)
(15538, 39, 5713, 6007, 6863, 5351, 6556, 5440, 5107, 6986, 6875, 6165, 5317, 5669)
(39141, 31, 5834, 5619, 6152, 5155, 5493, 6810, 6311, 5579, 6863, 6639, 6748, 5471, 5405, 6692)
(34022, 40, 5983, 5105, 6161, 6403, 5912, 5424, 6547, 6856)
(43994, 11, 5591, 6029, 5146, 6083, 6686, 5239, 5111, 6716, 5920, 6555, 6311, 5767, 5424)
(99253, 40, 6056, 5960, 6884, 5493, 5155, 6348, 6805, 5768, 5481, 6511, 5397, 5700)
(35189, 11, 6720, 6805, 6043, 6461, 5834, 6046, 6457, 6056, 6981, 5839, 5223)
(18045, 32, 5562, 6664, 5271, 5909, 6686, 6735, 6875, 6806, 6148, 5566, 5481)
(97549, 18, 6805, 6622, 5803, 6666, 5785, 6610, 6986, 6600)
(104128, 40, 5785, 6610, 6986, 6600, 5239, 6939, 5455, 5268, 6527)
(84633, 36, 6705, 5785, 5000, 6055, 6922, 5090, 6066, 5229)
(65838, 27, 5203, 5760, 6748, 6639, 5351, 6555, 6311, 6810, 5493, 5155, 6348, 6043, 5489, 5570)
(105853, 11, 6148, 6272, 6666, 5826, 5493, 6810)
(19042, 28, 6815, 5558, 5559, 5920, 6556, 5709)
(33617, 3, 6050, 6856, 6884, 6810, 6311, 5579, 6863, 6951, 5983, 6815, 5203, 6927)
(37874, 28, 5465, 6735, 5239, 5111, 5975, 5760, 6815, 5983)
(98188, 40, 5836, 6556, 5920, 5559, 5558, 6815, 5203, 6927)
(64593, 38, 6610, 5550, 5225, 5493, 5155, 6152, 5438, 6461)
(24709, 29, 6716, 5920, 6555, 6311, 6810, 5493, 5155)
(96493, 36, 5649, 5669, 5317, 6079, 6686, 6600, 5502, 6716, 5920, 5351, 6863, 6007, 5713)
(28249, 8, 5669, 6570, 5995, 5880, 6174, 6118, 5090)
(55729, 23, 5669, 5317, 6079, 5909, 6939, 5111, 6716, 5559, 5558)
(54960, 33, 6600, 6735, 5465, 6058, 6148, 6681, 6871, 6799, 6152)
(55221, 21, 6527, 6927, 6445, 5471, 6748, 6639, 5351, 6555, 6311, 6810, 5493, 5155, 6348, 6989)
(66780, 43, 6622, 5803, 5593, 5836, 6556, 6555, 5579, 6776, 6161, 5286)
(30585, 14, 6148, 6272, 6666, 5826, 5493, 6810, 6311)
(19991, 1, 6461, 6043, 6805, 6622, 5803, 5593, 5836, 6556)
(84032, 38, 5995, 5468, 5465, 6875, 6986, 5502, 6716, 5920, 5351)
(26914, 44, 5107, 5502, 5975, 5760, 5203, 6927, 6527)
(98486, 17, 6050, 5131, 5826, 5593, 5836, 5440, 5107, 5502, 5975)
(53393, 16, 6986, 6806, 6148, 6681, 6871, 6799, 6152)
(24092, 30, 5975, 6716, 5920, 6555, 6311, 6810, 6884, 5960, 6457)
(44147, 13, 5713, 6007, 5579, 6555, 5920, 5150, 5107, 6986, 6806, 6058, 6523, 5821)
(36499, 18, 6917, 6681, 5000, 5785, 6705, 5440, 5709, 5767, 5026)
(91687, 19, 5351, 6556, 5440, 5107, 6600, 6735, 5465, 6523, 5669, 5649)
(20428, 13, 6511, 5566, 6148, 6272, 5785, 5550, 5225, 6884, 6547, 5026, 6981)
(41404, 49, 6856, 6884, 5225, 5550, 6610, 6986, 5502, 5111, 6939, 5455)
(28923, 36, 6461, 5438, 6152, 5155, 5493, 6810, 6311, 6555, 5351, 6639, 6748)
(24660, 42, 5493, 5826, 6666, 5000, 6055, 6922, 6118, 6174)
(90705, 21, 5836, 5593, 5803, 6871, 6681, 5566, 6511, 5880, 6736, 6821)
(14326, 9, 6000, 5339, 6311, 5709, 5440, 6705, 5785, 6272, 6058, 5468, 5995)
(81439, 34, 6079, 6165, 6875, 6610, 5785, 5000, 6055, 6922)
(106693, 1, 5909, 6939, 5111, 5975, 5760, 6815, 5983)
(69071, 22, 5468, 5995, 5880, 6174, 6118, 5090)
(39618, 41, 6029, 5591, 5340, 6579, 6821, 6736, 6174, 6118, 5090, 6066, 5229)
(21505, 22, 6050, 5438, 5489, 5229, 6066, 5090, 6118)
(102110, 7, 6815, 5983, 6951, 6863, 5579, 6311, 6810, 5493, 5155, 6348, 6989)
(17423, 43, 6716, 5150, 5440, 5836, 5225, 5493, 5155)
(81214, 45, 5000, 5785, 6705, 5107, 6600, 6686, 5909)
(29844, 19, 6046, 6513, 5131, 5493, 6810, 6311, 6555, 5920, 6716)
(41611, 11, 5960, 6884, 5493, 5155, 6348, 6805)
(48114, 36, 6981, 6056, 6457, 6046, 5834, 6461, 6043, 6805, 5768, 5481)
(106045, 41, 6079, 6165, 6875, 6610, 5785, 5000, 6871, 6799)
(76154, 29, 5471, 5975, 6716, 5920, 6556, 5836, 5593)
(64679, 41, 5424, 5767, 6810, 5225, 5550, 5785, 5000, 6681)
(25163, 37, 6050, 6856, 6884, 6810, 5709, 5440, 5107, 6600, 6686)
(22472, 2, 5440, 5709, 6311, 5579, 6007, 6403, 5286)
(99082, 28, 5465, 6735, 6600, 5502, 6716, 5920, 6555)
(29733, 31, 5760, 6748, 6639, 5351, 6556, 5709, 5767, 5026)
(89479, 49, 5286, 6403, 5912, 5339, 6311, 5709, 5440, 6705, 6610, 6806, 6148, 5566, 6643)
(48003, 7, 5440, 6705, 6610, 6875, 5465, 5468, 6570, 5305)
(23798, 34, 6875, 6610, 6705, 5440, 6556, 5351, 6951)
(73406, 30, 6917, 6681, 6871, 5803, 5593, 5836, 6556, 5351)
(67157, 47, 6148, 6806, 6875, 6735, 5239, 6939, 5271)
(71806, 3, 5481, 5566, 6148, 6806, 6610, 5550, 5225, 6884, 6547, 5026)
(51545, 15, 5131, 5826, 6666, 5785, 6705, 5150)
(52716, 49, 6148, 6806, 6875, 6165, 6079, 5909, 5271)
(84558, 36, 5271, 5909, 6686, 6735, 6875, 6806, 6272, 5000, 6871)
(91806, 22, 6029, 5146, 6083, 5909, 6939, 5111, 6716, 5920)
(24994, 14, 6083, 6686, 6735, 6875, 6806, 6148, 5566, 5481, 5768, 6805)
(38839, 4, 6152, 5155, 5826, 5593, 5550, 6610, 6986, 5502, 5111, 6939, 5271)
(43006, 24, 5566, 6148, 6806, 6875, 6735, 6686, 5909, 5271, 6664)
(25200, 14, 6058, 6148, 5566, 6643, 6118, 5090, 6066)
(101442, 43, 5669, 5821, 6029, 5664, 6079, 6686, 6600, 5502, 6716, 5920, 6555, 6311, 5767, 5424, 6000)
(92678, 13, 6986, 6806, 6272, 6666, 5826, 5155, 6152, 5438, 6461, 5970)
(27955, 10, 6007, 6863, 6639, 6748, 5471, 5405, 5455, 5909, 6079, 5317, 5669)
(87286, 37, 6348, 6799, 5803, 6666, 6272, 6806, 6875, 6735, 5239, 6613, 5405, 5268, 6527)
(54350, 8, 5960, 6856, 6050, 5438, 6043, 6805, 5768)
(67247, 25, 6066, 6720, 6622, 6871, 6681, 6917, 6570, 5669, 5317, 6079)
(102085, 43, 6236, 5146, 6029, 5821, 5669, 6570, 6917, 6681)
(92815, 44, 6856, 5131, 5826, 6666, 6272, 6148, 5566, 6511, 5880, 6736, 6821)
(26693, 44, 5026, 5424, 5339, 5579, 6863, 6639, 5558, 6815, 5203, 6927)
(86662, 11, 6610, 6705, 5440, 6556, 5351, 6863)
(29769, 33, 6050, 5131, 5826, 5593, 5550, 6610, 6986, 6600, 6686, 6083)
(15011, 14, 5713, 5912, 5339, 6555, 6556, 5836, 5550, 5785, 6272)
(80272, 23, 5550, 5785, 5000, 6681, 6917, 5995, 5880, 6736, 6821)
(41798, 35, 6079, 6165, 6875, 6610, 5785, 5000)
(24888, 28, 5286, 6161, 6776, 5579, 6311, 6810, 5493, 5826, 6666, 5000, 6681, 6917, 6570)
(54762, 7, 5471, 6613, 6939, 5909, 6079, 5664)
(16550, 6, 5268, 5455, 5909, 6686, 6600, 6986, 6610)
(29578, 6, 5405, 6613, 5239, 6600, 6986, 6806, 6272, 6666, 5803, 6622, 6720)
(22505, 30, 5455, 5909, 6686, 6735, 6875, 6610, 5785, 6666, 5826, 5155, 6348, 6989)
(78916, 41, 6046, 6513, 6856, 6884, 5225, 5836, 6556)
(46558, 23, 6986, 5502, 5975, 6748, 6639, 6863, 6007, 5713)
(96017, 31, 6875, 6806, 6148, 5566, 5481, 6922, 5090, 6066)
(87313, 21, 5471, 5975, 6716, 5150, 5440, 5836, 5593, 5803, 6622)
(31889, 12, 5223, 5839, 6000, 5424, 5767, 5709, 5836, 5593, 5803, 6622)
(59160, 17, 6058, 6148, 5566, 6643, 6118, 5090, 6066, 5229, 5570)
(60064, 30, 6875, 6806, 6272, 6666, 5803, 6799, 6348, 6043, 6461)
(66422, 12, 6748, 5975, 5502, 6986, 6806, 6148, 6917, 6570, 5305)
(18207, 1, 5351, 5920, 6716, 5111, 5239, 6686, 6083, 5146, 6029, 5591, 5340)
(69914, 11, 5111, 5502, 6986, 6610, 5785, 6666, 5803, 6622, 6805, 6043)
(80025, 43, 5438, 6152, 6799, 5803, 5593, 5550, 6610, 6875)
(27542, 21, 5203, 5760, 5975, 6716, 5920, 6556, 5836, 5225, 6884, 5960)
(67921, 7, 6735, 5239, 6613, 5471, 5760, 6815, 5983, 5105)
(22134, 11, 5155, 5826, 6666, 5785, 6610, 6986, 5502, 5975, 5760)
(71733, 37, 5920, 6716, 5502, 6986, 6875, 5465, 6523, 5821)
(45335, 35, 6148, 6806, 6986, 5502, 5111, 6939, 5271)
(40241, 29, 6720, 5768, 5481, 6511, 5995, 5468, 5465, 6735)
(26300, 10, 5440, 5107, 6986, 6806, 6058, 6523, 5669, 5305, 5340)
(43667, 19, 5559, 5150, 5440, 5709, 5767, 6547, 6856, 6050, 5619, 5834)
(90996, 30, 5975, 6716, 5920, 6555, 6311, 6810, 5493)
(97481, 43, 6917, 6148, 6806, 6610, 5550, 5225, 6884, 6547, 5424, 5912, 6403)
(61683, 49, 6692, 5455, 6939, 5239, 6735, 5465, 6058, 6272, 6666, 5826, 5155, 6152, 5619, 6046)
(66129, 3, 6513, 5131, 5493, 5225, 5836, 5440, 5107, 6600, 5239, 6613, 6445)
(42112, 35, 6875, 6165, 6079, 5909, 5455, 6692)
(43778, 1, 6272, 6806, 6986, 5502, 5975, 5471, 5405)
(81534, 19, 6056, 6457, 6513, 5131, 5155, 6799, 6871, 6055, 6922)
(70997, 16, 6513, 6856, 6547, 5424, 5912, 6403, 6161, 5105, 5983, 6815, 5203, 6927)
(52790, 9, 5203, 6815, 5983, 5105, 6776, 5579, 6311, 5767, 6547, 6856, 6050, 5619)
(52171, 13, 6681, 6148, 6058, 5465, 6165, 6079, 5909, 5455, 5268)
(42508, 5, 6986, 5502, 6716, 5559, 6639, 6951, 5105)
(24170, 22, 5550, 5785, 6272, 6058, 5468, 5995)
(93467, 36, 5803, 6622, 6805, 6043, 6461, 5970)
(100901, 45, 5424, 5767, 6810, 5225, 5550, 5785, 5000)
(23220, 21, 6152, 6799, 5803, 5593, 5836, 5440, 5107, 5502, 5111, 6939, 5271)
(69633, 40, 6748, 5471, 5405, 5455, 5271, 6236, 5146)
(76035, 24, 6348, 6799, 5803, 6666, 5785, 6610, 6986, 6600, 5239, 6939)
(25449, 17, 5229, 6989, 6805, 5768, 5481, 6511, 5995, 5468, 5465, 6735, 5239, 6613)
(96543, 40, 5131, 5493, 6810, 5709, 6556, 5920, 6716, 5111)
(40363, 48, 5550, 5593, 5803, 6799, 6152, 5619, 5834, 5970)
(52090, 37, 5593, 5836, 5440, 5150, 6716, 5111)
(105097, 41, 5559, 5150, 6705, 5785, 5000, 6871, 6622, 6805, 6043, 6461)
(41354, 31, 5000, 5785, 6610, 6986, 5502, 5111, 6939, 5271, 6664)
(53574, 15, 5839, 6981, 5026, 5767, 5709, 5836, 5550, 6610, 6806, 6058)
(19889, 37, 5471, 6748, 5559, 5150, 5440, 5709, 5767, 6547, 5960, 6457)
(64588, 12, 5111, 5502, 6986, 6806, 6272, 6666)
(22611, 43, 5340, 5591, 6029, 5146, 6236, 6664, 5562, 6527, 6927, 5203)
(64767, 16, 5975, 6716, 5920, 6556, 5836, 5225, 5493, 5155, 6348, 6989)
(38040, 33, 6555, 5920, 5150, 5107, 6600, 6686, 6079, 5317, 5669, 5649, 6209)
(62844, 44, 5975, 6716, 5920, 6555, 6311, 5767, 6547, 5960, 6457, 6046)
(34955, 35, 6236, 6083, 6079, 5317, 5669, 6570, 6917, 6148, 6272, 6666, 5826, 5155, 6152, 6050, 6513)
(36723, 36, 5026, 6547, 6884, 5225, 5593, 5803, 6622, 6720)
(84747, 32, 6705, 5440, 6556, 5351, 6863, 6007, 5713)
(104473, 20, 6705, 5550, 5593, 5826, 5155, 6152)
(60698, 20, 5223, 5839, 6981, 5026, 6547, 6856, 6050, 6152, 6799)
(93994, 21, 6511, 5566, 6681, 6871, 6799, 6152, 5619, 6046, 6457, 6056, 6981, 5839)
(56753, 49, 5155, 5826, 6666, 5785, 6705, 5107, 6600, 5239)
(11539, 23, 5912, 5339, 6311, 5709, 5836, 5593, 6666, 6272)
(101478, 49, 5760, 6748, 6639, 6863, 5579, 6555, 6556, 5709, 6810, 5493, 5826, 5803, 6799, 6152)
(17353, 7, 5502, 5975, 6748, 5558, 5983, 5105)
(73287, 27, 6527, 5268, 5405, 5471, 5975, 5502, 6986, 6806, 6272, 6666, 5826, 5155, 6152, 6050)
(18851, 36, 6403, 6007, 6863, 6639, 6748, 5975, 5111, 6939, 5909, 6079, 5317)
(94176, 32, 5909, 6079, 5317, 5669, 5649, 6209, 6736, 6174, 6118)
(10321, 8, 6735, 5239, 5111, 5975, 6748, 6639, 6863, 6007, 5713)
(28069, 38, 5424, 6547, 6884, 5493, 5155, 6348, 6805, 5768, 5481, 6511, 5397, 6209)
(30498, 31, 6981, 5026, 6547, 6884, 5225, 5593, 6666, 6272, 6058)
(32278, 20, 6056, 5960, 6884, 5225, 5593, 6666, 5000, 6055, 5481, 6511, 5397, 5700, 6579)
(75190, 25, 5975, 5111, 5239, 6735, 5465, 6523, 5821)
(32902, 8, 5834, 6046, 6457, 6056, 5026, 5424, 5339, 6555, 5351, 6639, 6748)
(74629, 8, 6735, 5239, 6613, 6445, 5203, 6815, 5983, 5105, 6161, 5286)
(85299, 6, 5493, 5155, 6348, 6805, 5768, 5481, 6511)
(107719, 49, 6856, 5131, 5155, 6348, 6989, 6066, 5090, 6118)
(51144, 45, 6986, 6610, 5785, 5000, 6871, 6799, 6348)
(67269, 1, 6989, 6805, 6622, 5803, 6666, 6272, 6806, 6986, 5502)
(50960, 42, 6118, 6922, 5768, 6622, 6799, 5155, 5493, 6810, 5767, 5026)
(56490, 34, 5566, 6148, 6272, 6666, 5826, 5493, 6810, 6311)
(82857, 18, 5493, 6810, 6311, 6555, 5920, 6716)
(76920, 27, 6083, 6686, 6735, 6875, 6610, 5550, 5593, 5803, 6622, 6720, 6066, 5229)
(96500, 28, 6461, 5438, 6050, 5131, 5493, 6810, 5709, 5440, 5150, 5559, 5558)
(102394, 39, 5339, 6555, 5920, 6716, 5502, 6986, 6806, 6148)
(49380, 42, 5593, 5803, 6871, 6055, 5481, 6511)
(79241, 37, 5225, 5550, 6610, 6806, 6148, 5566, 6643)
(14480, 10, 5768, 6805, 6043, 5438, 6050, 6856, 6547, 5424, 5912)
(88098, 37, 5826, 6666, 6272, 6806, 6986, 5502)
(86742, 33, 5880, 5995, 5468, 6058, 6272, 6666, 5593, 5836, 5709, 5767, 5424, 6000)
(36863, 11, 5225, 5593, 5803, 6622, 5768, 5481, 6511, 5397, 5700)
(33107, 22, 6613, 5111, 6716, 5150, 5440, 5709, 5767, 6547, 5960)
(13134, 14, 6686, 5239, 5111, 6716, 5920, 5351, 6951, 5105)
(10699, 25, 5559, 5150, 5440, 5836, 5225, 5493, 5155, 6348, 6043, 5489)
(102296, 10, 6806, 6272, 5000, 6055, 5768, 6805, 6989, 5229, 5570)
(10034, 39, 6643, 6511, 5397, 5649, 5305, 5591, 6029, 5146)
(47086, 34, 6165, 6735, 6600, 5502, 5975, 6748, 6639)
(92973, 12, 5785, 5000, 6055, 5768, 6805, 6043, 6461)
(10138, 23, 5026, 6547, 6856, 6050, 6152, 6799)
(98301, 41, 6272, 6806, 6875, 6165, 6079, 6083, 6236, 6664)
(64571, 38, 6511, 5481, 5768, 6622, 6799, 6152, 6050, 6856, 6547, 5424)
(86937, 44, 5026, 5767, 6311, 5579, 6863, 6951, 5983, 6815, 5203, 6927, 6527)
(23540, 32, 6989, 6348, 6799, 6871, 6681, 6148, 6806, 6986, 5502)
(80063, 40, 5405, 5471, 5975, 5502, 6986, 6806, 6272, 5000, 6055)
(27645, 2, 6556, 5351, 6639, 6748, 5471, 5405, 5268, 6527)
(56352, 41, 5709, 5440, 5150, 6716, 5975, 5760)
(47321, 11, 6457, 6056, 5026, 5424, 5912, 6007, 6863, 6639, 6748, 5471, 5405, 6692)
(83849, 48, 6686, 6735, 6875, 6610, 5785, 5000, 6055, 6922)
(29747, 7, 6079, 6165, 5465, 6058, 6148, 6681, 6871, 6799, 6152, 5619, 5834, 5970)
(62247, 5, 5649, 5669, 5317, 6165, 6735, 6600, 5502, 6716, 5920, 6555, 5579, 6007, 5713)
(62356, 9, 6000, 5339, 6311, 6810, 5225, 5550, 6610, 6806, 6148, 5566, 6511, 5397)
(109621, 34, 5455, 5909, 6686, 6600, 6986, 6610, 5785)
(21369, 16, 5669, 5317, 6079, 6686, 6600, 6986, 6610, 6705, 5440, 5709)
(107721, 45, 5471, 5405, 6692, 6664, 6236, 5146)
(41420, 3, 6856, 5131, 5826, 5803, 6622, 5768, 5481, 6643, 6174, 6736)
(105773, 38, 6029, 5146, 6236, 5271, 6939, 5111, 6716, 5920)
(21876, 23, 6457, 6046, 5619, 6152, 6799, 6622, 6720, 5090, 6118, 6174, 6736, 6821)
(102972, 14, 6986, 6875, 6165, 5664, 6029, 5591, 5340, 6579)
(29390, 1, 6000, 5339, 6311, 6810, 5493, 5155, 6799, 6871, 6055, 5481)
(13300, 13, 6348, 6799, 6871, 6681, 6917, 5468, 5465, 6735, 5239)
(45121, 24, 5836, 6556, 5351, 6863, 6007, 5713)
(25164, 8, 6917, 6681, 5000, 5785, 6705, 5440, 6556, 5351, 6863)
(14512, 44, 5203, 5760, 5975, 5502, 6986, 6610, 5550, 5225, 5493, 5155, 6152)
(65795, 30, 5912, 5339, 6555, 5920, 6716, 5502, 6986, 6806, 6148, 6917, 5995, 5397)
(38811, 29, 6692, 5455, 5909, 6079, 6165, 5465, 6058, 6148, 5566, 5481)
(26768, 12, 5131, 5826, 5593, 5550, 6705, 5150, 6716, 5111, 6939, 5455, 5268, 6527)
(105456, 29, 6856, 6547, 5424, 5339, 6555, 5920)
(104878, 20, 5768, 6922, 6118, 6174, 5880, 5397, 5649, 5669, 5317, 6079)
(83837, 15, 5960, 6547, 5767, 5709, 5440, 5107, 5502, 5975, 5471)
(91374, 32, 5340, 5305, 6570, 5468, 6058, 6806, 6610, 5550)
(75907, 14, 5785, 6705, 5150, 6716, 5975, 5471, 5405)
(79406, 3, 5768, 5481, 6511, 5995, 5468, 6523, 5317, 6079, 6083, 6236, 6664)
(58902, 26, 6922, 5481, 6511, 5397, 5649, 5669, 5317, 6079, 5909, 5455, 5268)
(85273, 39, 5111, 5502, 6986, 6610, 5550, 5225, 5493, 5155, 6348, 6989)
(63571, 2, 5268, 5455, 6939, 5111, 5502, 6986, 6610, 5550, 5593, 5826, 5155, 6152, 5619, 6046)
(86514, 12, 6148, 6806, 6610, 6705, 5440, 5709, 5767, 5424, 5912, 6403)
(85453, 29, 5713, 6007, 5579, 6311, 5709, 5440, 5107, 6986, 6806, 6148)
(87938, 46, 6174, 6736, 6821, 6579, 5340, 5591, 6029, 5146, 6236)
(50621, 36, 5593, 6666, 6272, 6148, 5566, 6511)
(67691, 38, 6118, 6643, 6511, 5995, 6570, 5669, 5317, 6079, 5909)
(98683, 11, 5438, 6050, 6856, 6547, 5424, 5912, 6403, 6161, 5105, 5983, 6815, 5203)
(62445, 30, 5619, 6050, 5131, 5826, 5593, 5550, 6610, 6986, 5502, 5975, 5471)
(47269, 4, 5468, 6058, 6806, 6986, 5502, 5975, 6748, 5558, 5983, 5105, 6161, 5286)
(33478, 37, 5493, 5155, 6799, 6622, 6720, 5090, 6118, 6174, 6736)
(107196, 16, 6056, 6457, 6513, 6050, 6152, 6799, 6871, 6681, 6917, 6570)
(27463, 48, 6815, 5558, 5559, 5150, 5440, 5709, 5767, 6547, 6856)
(101226, 19, 6805, 6622, 5803, 6666, 6272, 6806, 6986, 5502)
(54665, 37, 5983, 5105, 6161, 6403, 5912, 5424, 6547, 6856, 6050, 5438)
(94474, 30, 6951, 5351, 6556, 5440, 5107, 6600, 6735, 5465, 5468, 5995)
(51087, 32, 5465, 6735, 6600, 5502, 6716, 5559, 6639)
(80997, 12, 6056, 6457, 6513, 5131, 5155, 6799, 6622, 5768, 6922)
(32926, 4, 6692, 5405, 6613, 5111, 6716, 5920, 6556, 5709, 6810, 5493, 5155)
(26626, 47, 6007, 6863, 6639, 6748, 5471, 6613, 5239, 6686, 6079, 5317)
(56111, 40, 5405, 6613, 5239, 6735, 6875, 6610, 5550, 5225)
(32744, 6, 6875, 6610, 5550, 5225, 6884, 5960, 6056, 6981, 5839)
(79941, 27, 5767, 5709, 5836, 5593, 5803, 6871, 6681, 6917, 6570)
(33289, 37, 5000, 5785, 6705, 5150, 6716, 5975, 5471, 5405, 6692)
(66448, 47, 5669, 5649, 5397, 6511, 6643, 6118, 5090, 6066)
(66978, 20, 5468, 6058, 6806, 6610, 6705, 5150, 5920, 6555)
(41016, 34, 5558, 5559, 5920, 6555, 6311, 6810, 6884)
(73483, 29, 6806, 6148, 6681, 6871, 6622, 6720, 6066, 5229, 5570)
(40196, 36, 5803, 5593, 5550, 6705, 5150, 5559, 6748, 5471)
(50209, 13, 6666, 5826, 5493, 6884, 5960, 6056, 6981, 5839, 5223)
(34721, 12, 5155, 6348, 6805, 5768, 5481, 6643, 6174)
(87686, 32, 6806, 6986, 6600, 6686, 6083, 6236, 6664)
(32912, 36, 6079, 5317, 5669, 5649, 5397, 5880, 6174, 6118, 5090)
(26502, 15, 5481, 5768, 6622, 5803, 5826, 5493, 6884, 6547, 5026, 6981, 5839)
(58751, 32, 5493, 6810, 6311, 6555, 5920, 6716, 5111, 6939, 5455, 6692)
(106718, 43, 5960, 6884, 5225, 5836, 5440, 5150, 6716, 5111, 6613, 6445)
(59694, 26, 5455, 6939, 5239, 6735, 5465, 5468, 6917, 6681)
(28199, 48, 6527, 5268, 5455, 6939, 5239, 6735, 5465, 5468, 6917, 6681, 6871, 6622, 6720, 6066)
(107829, 3, 6806, 6148, 5566, 5481, 5768, 6720, 6066)
(14446, 19, 6776, 6863, 5351, 5920, 5150, 5107, 6600, 6735, 6165, 5317, 5821, 5591, 5340, 6579)
(92236, 3, 6856, 6884, 6810, 6311, 5579, 6863, 6639)
(85595, 27, 6805, 6622, 5803, 5593, 5550, 6610, 6875, 6165, 5664, 5146, 6236)
(68119, 1, 5619, 6050, 5131, 5493, 5225, 5550, 6610, 6986, 5502)
(54366, 8, 6079, 6165, 5465, 5468, 5995, 5880, 6174, 6118, 5090, 6066, 5229)
(49220, 48, 5203, 6815, 5558, 5559, 5150, 5440, 5709)
(32460, 45, 6547, 5424, 5912, 6007, 6863, 6639)
(109855, 12, 6917, 6681, 5000, 6666, 5593, 5836, 6556, 5351, 6951)
(55108, 45, 5839, 6000, 5339, 6555, 6556, 5836, 5593, 5803)
(28054, 33, 6445, 5471, 5975, 5502, 6986, 6806, 6272, 6666, 5826, 5155, 6348, 6989)
(24129, 6, 6610, 6875, 5465, 6523, 5669, 5649)
(71947, 16, 6556, 5920, 5559, 6748, 5760, 5203, 6927)
(77276, 32, 6986, 6610, 5550, 5593, 5803, 6622, 6805, 6989)
(63600, 21, 5131, 5826, 6666, 5000, 6681, 6917, 5995, 5880, 6736, 6821)
(55645, 5, 5960, 6856, 6050, 5438, 5489, 5229, 6066, 5090, 6118, 6174, 6736)
(31199, 32, 6986, 6610, 6705, 5440, 5709, 5767, 5424, 5912, 6403)
(107348, 29, 5026, 5767, 6311, 6555, 5920, 5559, 6748, 5471, 6445)
(39786, 26, 5468, 5465, 6875, 6610, 6705, 5440, 5709, 5767)
(64001, 11, 6681, 6917, 5468, 5465, 6735, 5239, 6939, 5455, 6692)
(42653, 41, 6348, 5155, 5826, 5593, 5836, 5440, 5107, 6600, 6686)
(83572, 35, 6863, 6639, 5559, 6716, 5502, 6600, 6735)
(23939, 3, 5768, 6922, 6118, 6643, 6511, 5995, 5468, 5465)
(105851, 6, 5155, 6348, 6805, 6720, 5090, 6118)
(86750, 37, 5834, 5619, 6152, 6799, 5803, 6666, 6272, 6806, 6986, 5502, 5111, 6939, 5271)
(104547, 17, 5000, 6272, 6058, 6523, 5317, 6079, 5909, 5455, 5268)
(69435, 32, 5481, 5768, 6805, 6348, 5155, 5493, 6810, 6311, 5579, 6776)
(74930, 4, 6805, 6043, 5438, 5619, 6046, 6457)
(66453, 20, 5471, 6613, 6939, 5909, 6083, 5146, 6029, 5591, 5340, 6579)
(85981, 32, 6236, 6083, 6686, 6735, 5465, 6058, 6148, 5566, 6643, 6118)
(35921, 11, 6311, 5709, 5440, 6705, 6610, 6875, 5465, 6523, 5821)
(42155, 39, 5834, 5619, 6050, 6856, 6884, 6810, 6311, 5579, 6776, 5105, 5983, 6815, 5203, 6927)
(107003, 13, 5975, 6716, 5920, 6556, 5836, 5225, 5493, 5155)
(26745, 45, 6152, 6799, 6871, 5000, 5785, 6610, 6875, 6735, 5239)
(88691, 15, 5239, 6735, 5465, 5468, 6917, 5566, 5481, 5768, 6805, 6043, 6461, 5970)
(17989, 7, 6917, 6681, 6871, 5803, 5593, 5225, 6810, 5767, 5026)
(37388, 5, 5960, 6884, 5493, 5155, 6348, 6805)
(105443, 41, 5803, 6666, 5785, 6610, 6875, 6735, 5239, 6939, 5455)
(22749, 34, 6043, 6805, 6622, 6871, 5000, 5785, 6610, 6986, 6600, 5239, 6939, 5455)
(103235, 31, 6613, 5239, 6600, 6986, 6806, 6272, 6666, 5826)
(63885, 30, 6922, 6118, 6174, 5880, 5397, 5649, 5305, 5591, 6029, 5146, 6236, 6664)
(87684, 45, 6511, 5566, 6681, 6871, 5803, 5593, 5225, 6810, 5767, 5026, 6981, 5839, 5223)
(59292, 3, 5481, 5768, 6622, 6799, 5155, 5493, 6884, 6547, 5424, 5912, 6403)
(14702, 30, 5983, 5558, 5559, 6716, 5502, 6986, 6806, 6058, 6523, 5669)
(30210, 32, 6875, 6610, 5550, 5836, 6556, 5351)
(101904, 49, 6570, 6917, 6681, 6871, 5803, 5826, 5155, 6152, 5619, 6046, 6457, 6056, 6981)
(98895, 42, 5558, 6639, 6863, 6007, 5713, 5839, 6981, 6056, 6457)
(44790, 26, 6716, 5150, 6705, 5785, 6666, 5826, 5155, 6152, 6050)
(56180, 25, 6981, 6056, 6457, 6046, 5619, 5438, 6043, 6805, 5768, 5481, 6511, 5397)
(72235, 28, 5397, 5995, 6917, 6681, 5000, 5785, 6705, 5150, 5559)
(38380, 10, 5340, 5591, 6029, 5664, 6079, 6686, 6600, 6986, 6610, 6705, 5440, 5709, 5767, 5026)
(34927, 2, 5502, 6716, 5559, 5558, 5983, 5105)
(90603, 22, 6527, 6927, 5203, 5760, 5975, 6716, 5920, 6556, 5836, 5593, 5826, 5155)
(73032, 11, 6643, 5566, 6148, 6272, 5785, 5550, 5836, 5709, 5767, 5424, 5912, 6403)
(109864, 11, 6311, 5709, 5836, 5593, 6666, 6272, 6058, 6523, 5821)
(43010, 49, 6989, 6805, 6622, 5803, 6666, 5785, 6610, 6875, 6165, 5664, 5146)
(10373, 32, 5305, 6570, 6917, 6148, 6806, 6986, 5502, 5975, 5760)
(76133, 13, 5471, 6748, 6639, 6863, 5579, 6311, 6810, 5493, 5155, 6348)
(102450, 39, 6050, 6856, 6884, 5225, 5550, 6705, 5150, 6716, 5111, 6939, 5271)
(89489, 25, 6692, 5455, 6939, 5239, 6600, 6986, 6806, 6148, 6681, 6055, 5768, 6720, 6066, 5229, 5570)
(48958, 44, 5960, 6884, 5225, 5593, 5803, 6871, 6055, 5481, 6511, 5397)
(69953, 46, 5669, 5317, 6079, 6686, 5239, 6613, 5471, 6748)
(86039, 30, 5591, 5821, 5317, 6165, 6735, 5239, 5111, 6716, 5559, 5558)
(76978, 18, 6716, 5920, 6555, 6311, 6810, 5493, 5155, 6152, 5619)
(74813, 48, 6951, 6863, 5579, 6311, 6810, 6884, 5960, 6457)
(53668, 33, 6692, 5405, 6613, 5111, 5502, 6986, 6610, 5785, 6666, 5826)
(39140, 13, 5920, 6556, 5836, 5225, 5493, 5155, 6152, 5619)
(84045, 27, 6579, 5700, 5649, 6570, 6917, 6681, 5000, 5785, 5550, 5225, 6810)
(31716, 49, 5107, 6986, 6806, 6148, 5566, 6511, 5397)
(53394, 40, 6748, 5559, 5920, 6556, 5836, 5225, 6884, 5960)
(71416, 13, 5920, 6556, 5709, 5767, 6547, 6856)
(41649, 17, 5317, 6079, 6686, 5239, 5111, 6716)
(27379, 22, 6927, 6445, 6613, 5111, 6716, 5150, 5440, 5709, 6810, 6884, 6856, 6050)
(99307, 27, 6118, 5090, 6066, 6989, 6348, 5155, 5493, 6810, 5767, 5424, 5912, 6403)
(101433, 38, 6311, 6810, 5493, 5826, 6666, 5000, 6681, 6917, 6570, 5649, 5700)
(61599, 6, 5131, 5493, 6810, 6311, 6555, 5920, 5559, 5558)
(79336, 22, 6986, 6806, 6272, 6666, 5826, 5155)
(22547, 37, 6161, 5105, 5983, 6815, 5760, 5975, 5502, 6986, 6806, 6058, 6523, 5669, 5649)
(93477, 18, 6875, 6610, 5550, 5836, 6556, 5351, 6863, 6776)
(101709, 7, 6875, 6986, 5502, 6716, 5559, 6639, 6863, 6007, 5713)
(78889, 46, 5960, 6856, 6050, 6152, 6348, 6805, 5768, 5481, 6511)
(93682, 11, 6311, 5579, 6863, 6951, 5983, 6815, 5203, 6927)
(101860, 27, 5834, 5619, 6050, 5131, 5826, 6666, 6272, 6806, 6986, 5502, 5975)
(15874, 14, 5649, 6570, 6917, 6681, 6871, 5803, 5593, 5836)
(40012, 20, 6579, 5340, 5305, 5669, 5317, 6165, 6735, 6600, 5502, 6716, 5920, 6555, 6311, 5767, 5424)
(100134, 7, 6311, 6810, 5493, 5826, 5803, 6622, 5768, 5481)
(108218, 45, 5471, 6613, 6939, 5271, 6236, 5146, 6029)
(26653, 40, 5271, 5909, 6686, 6600, 6986, 6806, 6272, 6666, 5826, 5155, 6152, 5619, 6046)
(11368, 48, 6815, 5760, 5471, 6613, 5239, 6686, 6079, 5317, 5669, 5649, 6209)
(43775, 22, 6555, 5920, 5150, 5107, 6986, 6806)
(21391, 29, 5000, 6666, 5593, 5225, 6810, 6311, 5579, 6776, 6161)
(108590, 14, 5909, 6686, 6600, 6986, 6610, 5550, 5593, 5803, 6622)
(18352, 15, 6922, 5768, 6805, 6348, 5155, 5493, 6810, 6311, 5579, 6007)
(48295, 20, 6610, 6806, 6058, 6523, 5669, 5649, 5700)
(105492, 29, 5351, 5920, 6716, 5502, 6986, 6806, 6058, 5468, 6570, 5305, 5340)
(58267, 2, 6007, 6863, 5351, 6556, 5440, 6705, 5785, 6272, 6148, 6917, 5995, 5880)
(21065, 30, 5305, 6570, 5468, 5465, 6875, 6610, 6705, 5440, 5709, 5767)
(86743, 12, 5438, 6050, 6856, 6884, 5225, 5550, 6705, 5150)
(79227, 27, 6639, 5559, 5150, 5107, 6986, 6875, 5465, 5468, 5995, 5397)
(86235, 8, 5351, 6556, 5836, 5550, 6610, 6875, 6165, 5317, 5669, 5649, 5700, 6579)
(22236, 16, 5619, 6152, 6799, 5803, 6666, 6272, 6058, 5465, 6165, 6079, 5909, 5455)
(33190, 41, 5146, 6029, 5591, 5305, 5649, 5397, 5880, 6174, 6118, 5090, 6066, 5229, 5570)
(98434, 15, 6555, 6556, 5836, 5593, 5803, 6622, 5768, 5481, 6643)
(66272, 11, 5146, 5664, 6165, 6875, 6610, 5785, 5000, 6871)
(12882, 39, 6000, 5424, 5767, 6810, 5225, 5550, 5785, 5000, 6055, 6922)
(32152, 6, 5562, 6692, 5455, 6939, 5239, 6600, 6986, 6610, 6705, 5440, 5709, 5767)
(74994, 21, 5489, 6043, 6805, 5768, 5481, 5566, 6148, 6806, 6610, 6705, 5150)
(81904, 18, 6547, 5767, 6311, 5579, 6863, 6639, 6748, 5471, 5405, 6692)
(91556, 28, 6692, 5405, 5471, 5975, 6716, 5150, 6705, 5550, 5593, 5803, 6622)
(91017, 20, 6875, 6610, 6705, 5150, 5559, 6639, 6863)
(50783, 21, 6716, 5920, 6556, 5709, 5767, 6547, 6856, 6050, 5438)
(107518, 14, 6555, 6556, 5836, 5593, 6666, 5000, 6681, 6917, 6570)
(75883, 8, 5669, 5317, 6079, 6686, 6600, 6986, 6610, 5550, 5836, 5709, 5767)
(39936, 32, 6066, 5090, 6922, 5481, 5566, 6917, 6570, 5669, 5317, 5664, 5146, 6236)
(31165, 17, 6570, 6917, 6148, 6806, 6610, 6705, 5440, 5709)
(68876, 21, 6643, 5481, 5768, 6622, 6799, 6152, 6050, 6856, 6547)
(87930, 24, 6403, 6007, 5579, 6555, 5920, 5150, 6705, 6610, 6806, 6148, 6917)
(74174, 32, 6165, 6875, 6610, 6705, 5150, 5920, 6555, 5579)
(18768, 31, 5146, 5664, 6165, 6875, 6610, 5785, 5000, 6055)
(48883, 28, 5909, 6079, 5317, 5669, 5649, 6209, 6736, 6174, 6118, 5090, 6066, 5229, 5570)
(49666, 12, 6856, 6884, 5225, 5836, 6556, 5920, 6716, 5111, 6613)
(81485, 37, 6815, 5983, 6951, 6863, 6007, 5912, 5424, 6547, 6856)
(78138, 35, 6981, 6056, 5960, 6856, 6050, 6152, 6348, 6805, 5768, 5481, 6511, 5397)
(94559, 28, 5960, 6884, 5225, 5550, 6610, 6806, 6148, 5566)
(49155, 46, 5489, 5438, 6152, 5155, 5826, 6666, 6272, 6058, 5465, 6735, 5239, 6613)
(29458, 5, 6600, 6986, 6806, 6148, 6681, 6055, 5768, 6805)
(43207, 29, 6643, 5566, 6148, 6272, 6666, 5593, 5225, 6884, 5960)
(92028, 14, 5131, 5493, 6810, 6311, 6555, 5920, 6716, 5111, 6939)
(16074, 36, 6917, 6148, 6272, 5785, 6705, 5440)
(46901, 25, 5570, 5229, 6989, 6805, 5768, 5481, 5566, 6681, 5000, 5785)
(62134, 22, 5424, 5339, 6555, 5351, 6951, 5983, 6815)
(99293, 41, 6555, 6311, 5767, 6547, 5960, 6457, 6046, 5834)
(28012, 20, 6527, 6927, 6445, 6613, 5239, 6735, 6875, 6806, 6272, 5000, 6055, 5768, 6805, 6043)
(60014, 12, 5286, 6403, 5912, 5424, 5767, 5709, 5440, 5107, 6600)
(98827, 40, 6007, 6863, 6639, 5559, 6716, 5502, 6986, 6806, 6148, 5566)
(29271, 12, 6043, 6805, 5768, 5481, 5566, 6148, 6806, 6986, 5502, 5975, 5760)
(34291, 47, 6050, 5131, 5493, 5225, 5550, 6705, 5150, 6716, 5111, 6939, 5455, 5268)
(68100, 29, 6579, 5700, 5649, 6570, 5468, 5465, 6875, 6610, 5550, 5836, 5709, 5767, 5026)
(45580, 22, 5593, 5836, 5440, 5150, 5559, 6748, 5471, 5405)
(21445, 10, 6639, 5351, 6556, 5709, 5767, 5026, 6056, 6457, 6046)
(97472, 23, 5150, 6705, 5785, 5000, 6055, 5481, 6511, 5397)
(72103, 49, 6856, 6547, 5424, 5912, 6007, 6776, 5105, 5983, 6815, 5203)
(55457, 31, 5397, 5995, 6917, 6148, 6272, 5785, 6705, 5150, 5920, 6555, 6311, 5767, 5424)
(47779, 31, 5960, 6856, 6050, 5438, 6043, 6805, 5768, 5481)
(57416, 19, 5839, 6981, 5026, 5767, 5709, 5836, 5550, 6610, 6806, 6058, 5468, 5995, 5397)
(98835, 16, 5471, 5975, 5502, 6986, 6806, 6272, 5000, 6055, 6922, 5090, 6066, 5229)
(89932, 26, 5709, 6810, 6884, 6856, 6050, 5438, 6461)
(46147, 23, 6547, 6856, 5131, 5826, 5803, 6871, 6681)
(77117, 30, 5424, 6547, 6884, 5493, 5155, 6799, 6871, 6055, 5481)
(47907, 25, 6029, 5591, 5305, 6570, 6917, 6681, 6871, 6622)
(42319, 4, 6148, 6806, 6610, 6705, 5440, 5709, 5767)
(37017, 4, 6986, 5502, 6716, 5920, 5351, 6951, 5105, 6161, 5286)
(61392, 46, 6579, 5340, 5591, 6029, 5146, 6236, 6664, 6692, 5268, 6927, 5203, 6815, 5983, 5105, 6161, 5286)
(43548, 25, 6917, 6681, 6871, 5803, 5826, 5155, 6152, 6050, 6856, 6547)
(64066, 24, 6613, 5111, 6716, 5920, 6556, 5836, 5593, 5803, 6622, 6720)
(62565, 39, 5424, 6547, 6884, 5225, 5593, 6666, 6272, 6058, 6523)
(19391, 34, 5566, 6148, 6272, 6666, 5593, 5836, 5709, 5767, 5424, 5912, 5713, 5223)
(84937, 28, 5146, 6236, 5271, 5455, 5405, 5471, 6748, 6639, 6863)
(20942, 15, 5339, 6311, 6810, 5225, 5593, 5803, 6871, 6681, 6917, 6570)
(29471, 37, 6863, 6007, 5912, 6000, 6981, 6056, 6457, 6046)
(56509, 39, 5768, 6622, 6799, 5155, 5493, 6810, 5767, 5424)
(87428, 7, 5566, 6148, 6806, 6986, 6600, 5239, 6939, 5271)
(67062, 39, 5550, 5785, 5000, 6681, 5566, 6511, 5880, 6736, 6821)
(31543, 38, 5768, 5481, 6511, 5995, 5468, 6523, 5317, 6079, 5909, 5455)
(71048, 29, 6579, 5700, 5397, 6511, 5481, 5768, 6805, 6348, 6152, 5619, 6046)
(48408, 17, 6735, 6875, 6806, 6272, 5000, 6871)
(94783, 9, 6513, 6856, 6884, 5225, 5836, 6556, 5920, 5559, 5558)
(37214, 33, 6815, 5558, 6639, 6863, 6007, 5912, 5424, 6547, 6856, 6050, 5438, 5489)
(47747, 45, 5000, 6055, 6922, 6118, 6174, 6736, 6821)
(45562, 1, 5440, 5836, 5593, 5803, 6799, 6152, 5619)
(50340, 7, 5803, 5826, 5493, 6810, 5767, 5026)
(97760, 21, 5664, 6165, 6875, 6986, 5502, 5975, 6748, 6639, 6863)
(56036, 42, 6513, 6856, 6547, 5424, 5339, 5579, 6863, 6639)
(39143, 29, 5579, 6311, 5709, 5440, 5107, 6986, 6875, 5465)
(46509, 18, 6815, 5760, 5471, 5405, 5455, 5271, 6236, 5146, 6029, 5591, 5340)
(45642, 16, 5619, 6152, 6799, 5803, 6666, 5785, 6705, 5150, 5559, 5558)
(36450, 38, 6863, 6639, 5559, 6716, 5111, 6939, 5909, 6079, 5317, 5669, 5649, 6209, 6821)
(55880, 22, 6613, 5239, 6600, 6986, 6806, 6272, 5000, 6871, 6622, 6805)
(96489, 28, 5481, 5768, 6805, 6348, 6152, 6050, 6856, 6547, 5424, 5912, 6403)
(10305, 15, 5150, 5440, 5836, 5225, 6884, 6856)
(41932, 29, 6871, 6799, 6152, 6050, 6856, 6547, 5424, 5912, 6403)
(12688, 3, 6079, 5909, 5455, 5268, 6927, 5203, 6815)
(30043, 27, 5150, 5107, 6986, 6806, 6058, 6523, 5821)
(57318, 20, 6547, 6856, 6050, 5438, 5489, 5229, 6066, 5090, 6118)
(91811, 45, 6922, 5481, 5566, 6148, 6806, 6986, 6600, 6686)
(77752, 49, 6981, 5026, 5767, 6810, 5225, 5593, 5803, 6622, 5768, 6922, 6118, 6174, 6736, 6821)
(102312, 11, 5970, 5834, 6046, 6457, 5960, 6547, 5767, 5709, 6556, 5920, 6716, 5111, 6613, 6445)
(65543, 41, 6989, 6348, 5155, 5826, 6666, 6272, 6806, 6875, 6735, 5239, 6613, 6445, 6927)
(97147, 44, 6681, 6871, 6799, 6152, 6050, 6856, 6547, 5026)
(90440, 8, 5836, 5593, 5803, 6799, 6152, 5619)
(58699, 2, 5709, 5440, 5107, 6986, 6875, 5465, 5468, 5995, 5880)
(96144, 34, 6917, 6681, 5000, 6666, 5826, 5493, 6810, 6311, 5579)
(62292, 17, 5225, 5836, 6556, 5351, 6639, 5558, 6815, 5203, 6927)
(85689, 6, 6272, 6666, 5826, 5493, 6810, 6311)
(83390, 46, 6639, 6863, 5579, 6311, 5767, 5026, 6056, 6457, 6046)
(99941, 35, 6556, 5709, 5767, 6547, 6856, 6050, 5438, 6461)
(10479, 43, 6643, 5481, 5768, 6805, 6348, 5155)
(107953, 20, 5909, 6079, 5317, 5669, 5649, 5397, 5880, 6174, 6118, 5090)
(65502, 35, 5155, 5493, 5225, 5836, 5440, 5150, 5559, 6748, 5760, 5203)
(69981, 39, 6815, 5760, 5975, 5502, 6600, 6735, 5465, 5468, 5995, 5397)
(33749, 33, 6748, 6639, 5351, 6555, 6311, 6810, 6884, 5960)
(31511, 27, 6799, 6871, 5000, 5785, 6610, 6875, 6735)
(81559, 28, 5983, 6815, 5760, 5471, 6613, 5239, 6735, 5465, 5468)
(26071, 39, 6639, 5559, 6716, 5111, 5239, 6735, 5465, 5468, 5995)
(36369, 33, 6007, 5579, 6311, 6810, 5493, 5826, 6666, 6272, 6058, 5468, 5995, 5880, 6736, 6821)
(62380, 8, 5821, 5317, 6165, 6735, 5239, 5111, 5975, 6748, 6639, 6863, 6007, 5713)
(23343, 4, 6403, 5912, 5339, 6311, 6810, 5493, 5826, 6666, 5000)
(65242, 22, 5909, 5455, 5268, 6927, 5203, 6815, 5983)
(97660, 3, 6776, 5579, 6555, 6556, 5440, 6705, 6610, 6875, 6165, 5317, 5669, 5649, 5700)
(40828, 26, 5440, 5107, 6986, 6806, 6148, 5566, 6511)
(64493, 6, 5713, 5912, 5424, 5767, 5709, 5836, 5550)
(99919, 44, 6209, 5649, 6570, 5468, 6058, 6806, 6610, 5550, 5836, 5709, 5767, 5424, 6000)
(22380, 16, 5669, 6570, 6917, 6681, 6871, 6622, 6805, 6989, 5229)
(67714, 33, 6681, 6148, 6806, 6986, 6600, 6686, 5909, 5271)
(96430, 31, 5339, 6311, 5709, 5440, 6705, 6610, 6806, 6148, 5566, 6643, 6174)
(77193, 1, 5146, 6236, 6664, 5562, 6527, 6927, 5203, 6815)
(80990, 13, 6716, 5150, 6705, 5785, 6666, 5826, 5155, 6348)
(18886, 7, 5664, 6165, 6735, 6600, 5502, 6716, 5559)
(34491, 14, 5131, 5826, 6666, 6272, 6806, 6875, 6165, 6079, 5909)
(90557, 15, 6666, 5826, 5155, 6152, 5438, 5489, 5570)
(100601, 26, 6050, 5131, 5826, 6666, 5785, 6705)
(52222, 31, 5440, 5107, 5502, 5975, 5760, 5203)
(18554, 36, 5465, 6735, 6600, 5502, 5975, 5760, 6815, 5983)
(84379, 34, 6917, 6148, 6806, 6610, 5550, 5836, 6556, 5351)
(33484, 5, 5669, 5317, 6165, 6735, 6600, 5502, 6716, 5559, 5558, 5983)
(77517, 36, 6056, 6981, 6000, 5339, 6555, 5920, 6716, 5111, 6613, 5405, 6692)
(27822, 35, 6029, 5821, 5669, 5649, 5397, 6511, 5481, 5768, 6805)
(58215, 46, 6161, 5105, 6951, 5351, 6556, 5836, 5593, 6666, 5000, 6055, 5481, 6643)
(105982, 23, 6815, 5983, 5105, 6776, 6007, 5912, 5424, 6547, 6856, 6050)
(61788, 40, 6686, 6600, 6986, 6610, 5785, 5000, 6055)
(36263, 7, 6152, 5155, 5493, 6810, 6311, 6555, 5920, 6716)
(20529, 6, 6799, 6871, 5000, 6272, 6058, 5465, 6735, 5239, 6613, 6445)
(21587, 32, 6810, 5709, 6556, 5351, 6951, 5983, 6815, 5203)
(72760, 16, 6056, 5960, 6856, 5131, 5826, 5803, 6622, 5768, 5481)
(58194, 8, 6736, 6174, 6118, 5090, 6720, 6622, 5803, 5593, 5836, 6556, 5351)
(63348, 27, 5591, 6029, 5664, 6079, 6686, 5239, 5111, 5975, 5760, 6815, 5983, 5105, 6161)
(24763, 8, 5700, 5649, 6570, 5468, 5465, 6875, 6986, 5502, 6716, 5920, 5351, 6951)
(11847, 18, 6579, 5340, 5591, 6029, 5664, 6165, 6875, 6610, 5550)
(46353, 11, 5713, 6007, 5579, 6555, 6556, 5836, 5593, 6666)
(78286, 4, 5424, 6547, 6884, 5493, 5826, 6666, 6272, 6058, 6523, 5669, 5649, 6209)
(31700, 16, 5839, 6000, 5424, 5767, 5709, 5836, 5593, 6666, 6272, 6058, 6523)
(66338, 28, 6152, 5155, 5826, 5593, 5836, 5440, 5150, 6716)
(13800, 9, 6821, 6736, 6174, 6118, 5090, 6066, 6989, 6043, 6461, 5834, 6046, 6457, 6056)
(92865, 23, 5340, 5591, 5821, 5317, 6165, 6735, 6600, 6986, 6610, 6705)
(61270, 20, 5970, 5834, 5619, 6152, 6799, 5803, 5593, 5836, 5440, 5107, 5502, 5975, 5760)
(71259, 19, 6056, 5960, 6856, 6050, 6152, 6348, 6805, 5768, 5481, 6511, 5397)
(58922, 21, 6806, 6986, 5502, 6716, 5559, 6639, 6951, 5105)
(74284, 44, 5229, 6989, 6348, 6799, 5803, 5593, 5836, 5440, 5150, 5559)
(47330, 29, 6610, 6986, 6600, 6686, 5909, 5271, 6664, 5562)
(97667, 22, 6821, 6736, 6174, 6118, 5090, 6720, 6622, 5803)
(51686, 2, 5975, 5502, 6986, 6610, 5785, 6666, 5826)
(97270, 37, 6547, 5424, 5912, 6007, 6863, 6639, 6748, 5471, 5405, 6692)
(46669, 45, 6799, 6871, 6681, 6917, 6570, 5669, 5317, 6079, 6083, 6236)
(61971, 6, 6776, 5579, 6555, 6556, 5440, 6705, 6610, 6806, 6148, 5566, 6643)
(16829, 16, 5664, 6165, 6735, 6600, 5502, 5975)
(107129, 43, 5709, 5836, 5550, 5785, 5000, 6055, 5481, 6511)
(17945, 3, 6863, 6639, 6748, 5975, 5502, 6986, 6806, 6058)
(63416, 16, 5970, 5834, 6046, 6457, 5960, 6884, 5225, 5836, 5440, 5107, 6600, 5239, 6939, 5271)
(103969, 47, 6311, 6810, 5225, 5550, 5785, 6272, 6058, 6523)
(19439, 36, 5223, 5839, 6981, 5026, 6547, 6856, 5131, 5826, 6666)
(55844, 42, 5203, 6445, 6613, 5239, 6686, 6083, 5146, 6029, 5591, 5340)
(39203, 21, 6000, 5424, 5767, 5709, 5836, 5550, 6610, 6806, 6058, 5468, 6570, 5305)
(109418, 46, 5481, 6511, 5397, 5649, 5669, 5317, 6079, 5909, 5455)
(81986, 4, 5225, 5550, 6610, 6986, 5502, 5975)
(91476, 22, 5785, 5550, 5225, 6810, 5767, 5424, 5912, 6403)
(21773, 36, 5305, 5669, 5317, 6165, 6875, 6986, 5502, 5975, 5760)
(53192, 10, 5131, 5155, 6348, 6989, 6066, 5090, 6118, 6174, 6736, 6821)
(66568, 33, 6046, 6513, 6856, 6547, 5767, 5709, 5440, 5107, 5502, 5975)
(103084, 18, 5836, 5709, 5767, 5424, 5912, 5713, 5223)
(104273, 12, 5970, 5834, 6046, 6513, 6856, 6884, 6810, 6311, 6555, 5920, 6716, 5111, 6939)
(62412, 3, 5619, 6152, 6799, 5803, 6666, 6272, 6806, 6986, 5502, 5975, 5760)
(39854, 32, 6681, 6917, 6570, 5669, 5317, 6079, 6083, 6236, 6664, 5562)
(49953, 37, 5669, 5821, 6029, 5146, 6083, 5909, 5455, 5405, 5471, 6748, 6639, 6863, 6007)
(86147, 9, 5834, 5619, 6152, 6799, 5803, 5593, 5836, 6556)
(92909, 45, 6209, 5397, 6511, 5566, 6148, 6806, 6610, 6705)
(74184, 40, 6029, 5146, 6236, 6664, 6692, 5405, 5471, 6748, 6639, 6863, 6007, 5713)
(12263, 9, 5760, 5975, 6716, 5920, 6556, 5709, 5767, 6547, 6856, 6513, 6046, 5834, 5970)
(76907, 4, 5826, 5803, 6622, 5768, 5481, 6643, 6174)
(109909, 25, 5562, 6692, 5405, 5471, 6748, 6639, 5351, 6556, 5836, 5593, 5803, 6622, 6720)
(99360, 5, 5271, 6939, 5239, 6600, 6986, 6806, 6148)
(109368, 31, 6174, 6643, 5481, 5768, 6622, 5803, 5593, 5836)
(50881, 33, 5493, 5225, 5550, 6705, 5107, 5502, 5975, 5471, 5405)
(69343, 16, 6917, 6681, 5000, 6666, 5593, 5836, 6556, 6555)
(84267, 25, 6610, 5550, 5225, 6810, 6311, 5579)
(109588, 3, 5489, 5438, 6152, 6799, 6871, 6681, 6148, 6058, 5465, 6735)
(86037, 37, 6613, 5111, 6716, 5150, 5440, 5836, 5593)
(84220, 12, 5455, 6939, 5111, 6716, 5150, 5440, 5836, 5225, 5493, 5155, 6152, 5619, 6046)
(23582, 20, 5570, 5489, 6043, 6805, 6622, 5803, 5593, 5836)
(79105, 43, 5203, 6445, 5405, 6692, 6664, 6236, 5146)
(90703, 5, 5225, 5550, 5785, 5000, 6681, 6917, 5995)
(50131, 18, 6272, 6666, 5826, 5155, 6348, 6989)
(54825, 42, 6806, 6610, 5550, 5225, 6810, 6311, 5579, 6776)
(13742, 41, 5570, 5229, 6066, 5090, 6118, 6174, 5880, 5995, 5468, 5465, 6735)
(76530, 9, 6511, 5566, 6148, 6806, 6610, 5550, 5225, 6884)
(77836, 35, 6570, 5468, 5465, 6735, 5239, 5111, 6716, 5920, 6555)
(109535, 20, 6547, 5424, 5339, 5579, 6863, 6639)
(39901, 24, 5713, 6007, 5579, 6555, 6556, 5836, 5593, 5803, 6871, 6681)
(83182, 4, 6272, 5785, 5550, 5836, 5709, 5767, 5424, 6000, 5839)
(52659, 2, 5909, 6686, 6735, 5465, 6058, 6272)
(40697, 40, 5709, 5836, 5550, 5785, 5000, 6055, 6922, 6118, 6174, 6736)
(60406, 23, 5821, 5317, 6165, 6735, 5239, 6613, 6445, 5203, 6815, 5983, 5105, 6161, 5286)
(96773, 24, 5286, 6403, 5912, 5339, 6311, 5709, 5836, 5550, 5785, 6272, 6148, 6917, 6570, 5305, 5340, 6579)
(23132, 4, 6720, 6622, 5803, 5593, 5225, 6810, 5767, 5026, 6981, 5839, 5223)
(22912, 36, 5150, 6705, 5785, 6666, 5826, 5155, 6152, 6050, 6513)
(93204, 5, 6029, 5146, 6083, 6686, 6600, 5502, 6716, 5920)
(50674, 25, 6556, 5709, 6810, 5493, 5155, 6152, 6050, 6513)
(66458, 40, 6986, 5502, 5975, 5760, 6815, 5983, 5105, 6161)
(99281, 29, 5471, 6748, 6639, 6863, 5579, 6311, 6810, 5493, 5155, 6348, 6989)
(34241, 3, 5489, 6043, 6348, 5155, 5826, 5593, 5550, 6610, 6875, 6165, 6079)
(18729, 24, 5105, 5983, 5558, 6748, 5975, 5111, 5239, 6735)
(61008, 11, 6810, 5493, 5826, 6666, 5000, 6681)
(109246, 47, 5339, 6311, 6810, 5493, 5826, 6666, 5000, 6055, 5481, 6511, 5397)
(50890, 31, 5983, 6815, 5203, 6927, 5268, 5455, 5909, 6079, 5317, 5669, 5649, 6209)
(28431, 30, 6600, 6735, 5465, 6058, 6272, 5000, 6871, 6799, 6152, 5619)
(52046, 49, 6981, 5026, 6547, 6884, 5493, 5155, 6799, 6871, 6681, 6917, 5995, 5397, 5700, 6579)
(103818, 16, 5709, 6556, 5920, 5559, 5558, 6815, 5203, 6927, 6527)
(54003, 8, 6989, 6348, 5155, 5493, 6810, 6311, 5579, 6776, 5105, 5983, 6815, 5203)
(39285, 35, 5271, 5909, 6686, 6735, 6875, 6610, 5785, 5000, 6871, 6622, 6805, 6043)
(95176, 38, 5767, 6311, 6555, 5920, 6716, 5111, 6613, 5405, 6692, 5562)
(55828, 27, 5669, 5317, 6079, 5909, 6939, 5111, 5975, 6748)
(28611, 40, 6776, 6863, 5351, 6556, 5440, 5107)
(66787, 11, 6863, 6007, 5713, 5839, 6981, 6056, 6457, 6046, 5834, 5970)
(99475, 4, 5579, 6311, 5709, 5836, 5550, 6610, 6806, 6058, 6523)
(58763, 17, 5493, 6810, 5709, 5440, 5107, 5502, 5975, 5760)
(77383, 15, 5317, 5669, 5649, 5397, 6511, 5481)
(106805, 27, 5000, 6666, 5593, 5836, 5709, 5767)
(19421, 47, 6209, 5649, 5669, 5317, 6079, 5909, 5455, 5405, 6445, 5203, 6815, 5983)
(43500, 16, 5493, 5826, 6666, 5000, 6681, 5566, 6511, 5880)
(42614, 49, 6152, 6799, 5803, 5593, 5550, 6610, 6986, 5502, 5111, 6939)
(40162, 32, 5834, 5619, 6152, 6799, 6871, 5000, 6272, 6806, 6875, 6735, 5239, 6613)
(60152, 6, 5305, 5669, 5317, 6079, 6686, 5239, 5111, 6716, 5920, 6555, 6311, 5767, 5424)
(89073, 19, 5713, 6007, 5579, 6555, 6556, 5440, 6705, 6610, 6806, 6148, 5566)
(38976, 33, 5440, 5107, 6986, 6875, 5465, 6523, 5669, 5649, 6209)
(33164, 29, 5821, 5317, 6079, 5909, 5455, 5405, 5471, 6748)
(72347, 31, 6692, 5455, 5909, 6686, 6600, 6986, 6806, 6272, 5000, 6871, 6799, 6152)
(15512, 40, 6050, 5131, 5493, 5225, 5836, 5440, 5150, 5559, 6748, 5471, 5405)
(92305, 39, 6610, 6875, 5465, 5468, 6570, 5649, 5700, 6579)
(50152, 13, 5351, 5920, 6716, 5111, 5239, 6686, 6079, 5664, 6029, 5591, 5340, 6579)
(51602, 16, 5305, 6570, 5468, 5465, 6735, 6600, 6986, 6610, 5550, 5836)
(54296, 45, 5562, 6692, 5405, 5471, 6748, 5559, 5150, 6705, 5785, 5000, 6055)
(40662, 11, 6664, 6236, 6083, 6079, 6165, 6875, 6610, 5785)
(69915, 7, 5550, 6705, 5150, 5559, 6748, 5471)
(41812, 36, 6736, 6174, 6118, 6922, 5481, 5566, 6148, 6272, 5785, 6705)
(91826, 30, 5709, 6556, 5351, 6639, 5558, 6815, 5203, 6927)
(103877, 27, 5593, 5826, 5155, 6348, 6043, 6461)
(60446, 4, 6815, 5558, 6639, 5351, 6555, 6311, 6810, 5493, 5155, 6348)
(69194, 12, 5559, 5150, 5440, 5709, 6810, 6884, 6856, 6050)
(60789, 12, 6118, 6643, 6511, 5995, 5468, 6523, 5821, 6029, 5146, 6236, 6664, 5562)
(73485, 20, 6692, 5405, 6613, 5239, 6735, 6875, 6610, 5785, 5000, 6055, 5768)
(33230, 47, 5438, 6152, 6799, 5803, 6666, 6272, 6058, 5465, 6735, 5239, 6613, 6445)
(100347, 49, 5880, 6511, 5481, 5768, 6805, 6348, 5155, 5493, 6810, 6311, 5579, 6007, 5713)
(60538, 37, 5960, 6884, 5493, 5155, 6348, 6805, 6720, 5090, 6118, 6174, 6736, 6821)
(70310, 49, 5558, 5559, 5150, 6705, 6610, 6875, 5465, 6523, 5821)
(61316, 11, 5481, 5768, 6805, 6348, 5155, 5493, 6810)
(89463, 41, 5339, 6311, 5709, 5440, 6705, 6610, 6806, 6058, 5468, 6570, 5305)
(75588, 38, 5468, 5465, 6735, 5239, 5111, 6716, 5920, 6555, 6311, 5767, 5424, 6000)
(13656, 41, 6799, 5803, 5593, 5550, 6705, 5107, 5502, 5975)
(63671, 6, 5317, 6165, 6875, 6610, 5550, 5836, 5709, 5767, 5424)
(50836, 24, 6570, 6917, 6148, 6806, 6610, 5550, 5836, 5709, 5767, 5026)
(56631, 15, 5229, 6989, 6348, 5155, 5826, 6666, 6272, 6058)
(96006, 28, 6692, 5405, 6613, 5111, 6716, 5150, 6705, 5785, 5000, 6055, 5768)
(35643, 2, 5920, 6555, 6311, 5767, 6547, 6856)
(66745, 38, 5562, 6664, 6236, 6083, 6686, 6600, 6986, 6610, 6705, 5440)
(80937, 37, 6148, 6806, 6986, 5502, 6716, 5559, 6639, 6863, 6007)
(53833, 18, 6174, 6643, 5566, 6681, 6871, 6799, 5155, 5826, 5593, 5225, 6884)
(45934, 6, 5960, 6884, 5225, 5593, 6666, 5000, 6055, 5481, 6511, 5880, 6736, 6821)
(68072, 26, 5562, 6664, 6236, 5146, 5664, 5317, 5669, 6570, 5995, 6511, 5481, 5768)
(16797, 26, 6989, 6805, 6622, 5803, 6666, 6272, 6058, 6523, 5317)
(50394, 13, 5502, 6986, 6806, 6272, 5000, 6871, 6799, 6152)
(83656, 4, 5111, 5502, 6600, 6735, 6875, 6610, 5550, 5593, 5803, 6622)
(79981, 13, 6079, 6165, 6875, 6806, 6272, 6666, 5803, 6799, 6152, 5619)
(83158, 48, 5424, 6547, 6856, 5131, 5826, 6666, 6272, 6058, 6523, 5821)
(74792, 28, 6174, 6118, 5090, 6720, 6622, 5803, 5593, 5836)
(68486, 32, 6547, 6884, 5493, 5155, 6799, 6871, 6681, 6917, 5995, 5397, 5700)
(12475, 28, 6736, 6174, 6643, 5566, 6148, 6806, 6610, 6705, 5150)
(73786, 45, 6856, 5131, 5826, 5803, 6622, 5768, 6922, 6118)
(28883, 30, 6403, 6007, 6863, 5351, 5920, 6716, 5502)
(25419, 41, 5339, 6311, 6810, 5225, 5593, 6666, 5000, 6055)
(91588, 35, 5995, 6917, 6148, 6806, 6610, 5550, 5225)
(104837, 9, 5229, 6066, 6720, 5768, 5481, 5566, 6148, 6806, 6986, 5502, 5975)
(40097, 2, 5225, 5593, 5803, 6622, 6720, 5090, 6118)
(24152, 6, 6058, 6272, 5785, 5550, 5836, 6556, 6555, 6311, 5767, 5424)
(15666, 27, 6922, 5768, 6805, 6348, 6152, 5619, 6046, 6457)
(41520, 40, 6939, 5239, 6600, 6986, 6610, 5785, 6666, 5826, 5155, 6152)
(85140, 43, 5821, 6029, 5664, 6165, 6875, 6986, 5502, 6716, 5920, 6555)
(60896, 12, 6815, 5760, 5471, 5405, 6692, 6664, 6236, 5146, 6029, 5591)
(54346, 15, 6058, 6272, 6666, 5826, 5493, 6810, 6311, 5579, 6007, 6403, 5286)
(63727, 31, 5225, 5593, 5803, 6871, 6681, 5566, 6511, 5397)
(82619, 18, 5465, 6735, 6600, 5502, 6716, 5920, 6555, 6311, 5767, 5424, 6000)
(80618, 26, 6570, 5468, 5465, 6735, 6600, 5502, 6716, 5559)