#(carId,StartTime,RoadId...)
(51321, 47, 6703, 5207, 5793, 5117, 5797, 5233, 5588, 5148, 5995)
(44013, 20, 5050, 6111, 6669, 5836, 6072, 6601, 5519, 5788, 6621)
(20242, 42, 5793, 6493, 6160, 6211, 6897, 6597, 5142, 5911, 6253)
(14989, 39, 5289, 6121, 6717, 6368, 5653, 6634, 5148, 6602, 6578, 5464, 5485, 6785)
(89984, 37, 6617, 5657, 6676, 5050, 5201, 5916, 5836, 5605, 6942, 6530)
(39841, 33, 6336, 6601, 5144, 6121, 5465, 6576, 6703, 6318)
(36365, 45, 6191, 6483, 6294, 5493, 5201, 5050, 6448, 6901, 5485, 5218, 5368, 6816, 5860)
(74447, 35, 5450, 6294, 6508, 6623, 5144, 6121, 6905, 5323, 6160, 6211, 5303)
(85521, 3, 6230, 6318, 5207, 6530, 6905, 6121, 5144)
(45811, 29, 6942, 6530, 5975, 6576, 6054, 5030)
(14603, 3, 6621, 5827, 5455, 6696, 6010, 5649, 6669, 6111, 5050, 6448)
(44169, 42, 5605, 5067, 6634, 5148, 5995, 6448, 6901, 6399, 6287)
(17797, 23, 6905, 5323, 6160, 6211, 5303, 6176, 5806, 6816, 5368)
(54420, 13, 5663, 5130, 6399, 6901, 5911, 6602, 5148, 5588, 5233, 5797, 6849, 6230, 6318)
(107552, 23, 5241, 6676, 5050, 6111, 6669, 5649, 6010, 6696)
(108668, 10, 5649, 6669, 5700, 6602, 5911, 6253, 6617)
(81297, 17, 5845, 6191, 6850, 6977, 5445, 6364, 5092, 5657, 6617, 6127)
(22310, 34, 6642, 5117, 6493, 5685, 5653, 6726, 6111, 5013, 6364, 5367)
(62479, 23, 5465, 6905, 5323, 5685, 5641, 5588, 5148, 6602, 6578, 5464, 6399, 5130)
(20163, 35, 5275, 6865, 5367, 5320, 5493, 6508, 6623, 5144, 6121)
(59838, 10, 5323, 6160, 5233, 5588, 5610, 5142, 6578, 5464, 6399)
(96428, 27, 6732, 5303, 6211, 5233, 5588, 6634, 5067, 6072, 6601, 6336)
(17024, 35, 6683, 6977, 5445, 6364, 5013, 6111, 6726, 6634, 5610, 6852, 6224, 6176, 6541)
(37916, 6, 6696, 6524, 6601, 6072, 5605, 6368, 5641, 5233, 5797)
(44323, 2, 6850, 6977, 5445, 5320, 5201, 6111, 5700, 5148, 5610, 6597, 6324)
(87043, 42, 6399, 6901, 6448, 5050, 6111, 6669, 5836, 6072, 5144, 6121, 5289, 6467, 6092, 5895)
(20154, 13, 5275, 5080, 6364, 5445, 5340, 6508, 6623)
(29925, 16, 5142, 5610, 5588, 5641, 6368, 6942)
(47215, 8, 6850, 6977, 5445, 5320, 5916, 5836, 5605, 6942, 5323, 6160, 6211, 5303, 6541)
(59148, 7, 5827, 6336, 6601, 6623, 6508, 5493, 5201, 5050, 6448, 6901, 5485)
(45113, 44, 6508, 6623, 5144, 6717, 6368, 5641, 6898, 6324)
(48855, 32, 6741, 5683, 6211, 5233, 5641, 5653, 5067, 5836, 5649, 6010, 6696)
(109972, 44, 6524, 6601, 6072, 5605, 6368, 5685, 6160, 6211, 5683, 6741)
(17577, 43, 6621, 5827, 5455, 6696, 6010, 5649, 6669, 6111, 5013, 5092, 5657, 5973)
(41122, 49, 5022, 6010, 6623, 6072, 5067, 6634, 5588, 6898)
(70246, 32, 5080, 5013, 6111, 6726, 5653, 5685, 6160, 5797, 6642, 6940, 6788)
(107240, 17, 6344, 6850, 6977, 5340, 6508, 5649, 5836, 5067, 5653, 5641, 5233, 6211, 5683, 6741)
(61470, 11, 5916, 5201, 5013, 5092, 5657, 6617)
(72999, 6, 6905, 5323, 6160, 5233, 5588, 5148, 6602, 6578, 5464, 5485)
(84284, 3, 6336, 6524, 6010, 6508, 5340, 5445, 6364, 5092)
(51505, 36, 5860, 6816, 5368, 5218, 5485, 6399, 5973, 5657, 5092, 6364, 5445, 6977, 6850)
(10915, 13, 5092, 5013, 5201, 5493, 6508, 6623, 5144, 5844, 6351, 6467, 6092, 5895)
(107502, 37, 6676, 5050, 6111, 6669, 5836, 6072, 6601, 6336, 5827, 6621, 6092)
(81181, 10, 6726, 5653, 5685, 5323, 6905, 5289)
(90191, 40, 6090, 6940, 6642, 5797, 6160, 5685, 5653, 5067)
(92862, 29, 5092, 5657, 5973, 6399, 5464, 5739, 5368, 6816, 5860)
(30945, 46, 5465, 6121, 5144, 6623, 6508, 5493, 5201, 5050, 6448, 6901, 5485)
(76276, 38, 6480, 6578, 5911, 6448, 6676, 5092, 6364, 5445, 6977, 6850)
(41767, 38, 5610, 6634, 5067, 6072, 6601, 6336, 5455, 5845, 6191, 6344)
(92816, 14, 6898, 5641, 6368, 5605, 5836, 5916, 5493)
(107185, 33, 6351, 5165, 6754, 6576, 6703, 6318, 6230, 5887, 5311, 5270)
(52074, 39, 6959, 6683, 6977, 5445, 6364, 5092, 6676, 6448, 5911, 5142, 6597, 6897, 5683)
(13323, 48, 5450, 5022, 6524, 5519, 5844, 6717, 6368)
(33034, 1, 5683, 6897, 6597, 5142, 6602, 5700, 6111, 5201)
(90503, 40, 5289, 6121, 5144, 6623, 6508, 5340, 5445, 6364, 5092, 5657, 5973, 6287, 5039)
(85791, 2, 5887, 6849, 5797, 5233, 5641, 6368, 6717, 5844)
(89177, 20, 5233, 5641, 5653, 5067, 5836, 5916, 5493, 6294, 5450, 6683)
(23480, 48, 5367, 5320, 5201, 5050, 6448, 6901, 5464, 6480, 6224, 6176)
(26071, 14, 5649, 6669, 6726, 5653, 5641, 6898, 6897, 5683, 6940)
(57224, 12, 6318, 6327, 5117, 5797, 5233, 6898, 6597, 5142, 5911, 6253, 6617)
(84920, 49, 5144, 6072, 5067, 6634, 5148, 5995, 6676, 5241)
(73096, 48, 6072, 5067, 6634, 5148, 5995, 6676)
(53847, 10, 5975, 6530, 5323, 6160, 5233, 5588)
(78476, 33, 5323, 6905, 5289, 6351, 5519, 6524, 5022, 5450)
(36799, 17, 5465, 6121, 5144, 6623, 5649, 6669, 5700, 6602, 6578)
(62334, 5, 5144, 6623, 5649, 6669, 5700, 5995, 6676, 5241, 6998, 6127)
(23001, 21, 5148, 6602, 6578, 5739, 5218, 6785, 5039)
(102981, 22, 6160, 5685, 5653, 5067, 5836, 5649, 6010, 6696)
(23967, 12, 6897, 6898, 5641, 6368, 5605, 6072, 6601, 6524, 5022)
(46359, 17, 6785, 5485, 5464, 6578, 6602, 5148, 5588, 5641, 6368, 6942)
(80378, 9, 5588, 5148, 5700, 6669, 5649, 6508)
(31939, 11, 6569, 5367, 5320, 5916, 6669, 6726, 5653, 5685, 6493, 5117, 6849, 5887, 5311, 5270)
(103743, 15, 6121, 6717, 6368, 5653, 6726, 5700, 5995, 6676)
(98108, 39, 6318, 6327, 5117, 5797, 5233, 5588, 5610, 6852)
(67632, 29, 6127, 6998, 5275, 6865, 5367, 5320, 5916, 5836, 5605, 6942)
(98214, 49, 6483, 6294, 5493, 5201, 6111, 6726, 5653, 5641, 6898, 6324)
(36786, 20, 5247, 6224, 6324, 6898, 5641, 6368, 6942, 6905, 5289, 5165, 6685)
(59115, 14, 5827, 5788, 5844, 6121, 6905, 6530, 5793)
(10376, 31, 5275, 6865, 5367, 5320, 5493, 6508, 6010, 6524)
(48626, 30, 6788, 6732, 6176, 6224, 6480, 5464, 6901, 6448, 5050, 5201, 5493)
(86322, 37, 5275, 5241, 5657, 5973, 6399, 5464, 6480, 6224, 6176, 6732)
(70647, 27, 5965, 5165, 6351, 5844, 6717, 6368, 5641, 6898, 6324, 5806)
(104105, 48, 5739, 6578, 6602, 5148, 5588, 5641, 5685, 5323, 6905)
(94538, 18, 6483, 5022, 6010, 6623, 5144, 6121, 6905, 5323, 6160, 5797, 6642, 6940, 6788)
(97992, 32, 5588, 6634, 5067, 6072, 6601, 6336, 5455, 5845, 6191, 6344)
(106150, 41, 6090, 6940, 6642, 5117, 5793, 5975, 5465, 6121, 5144, 6623, 6508, 5340)
(14357, 29, 6696, 6010, 6623, 5144, 6121, 6905)
(29091, 30, 5247, 6480, 6578, 6602, 5700, 6111, 5013, 5080)
(75233, 6, 6224, 6852, 5142, 6602, 5700, 6111, 5013, 6364, 5445, 6977, 6850)
(30641, 43, 5739, 6480, 6852, 6597, 6897, 6211, 5797, 5117, 6327, 6318, 6703, 6054)
(56048, 11, 6224, 6852, 5610, 6634, 6726, 6669, 5649, 6010, 5022, 6483)
(80143, 17, 5148, 5700, 6111, 5013, 5080, 6865, 6569, 6814)
(57208, 28, 5845, 5455, 6336, 6601, 6072, 5067, 6634, 5588, 5233, 6211, 5303, 6541)
(96962, 5, 5130, 6399, 6901, 5911, 6602, 5148, 5588, 5233, 5797, 5117, 5793, 5207)
(69429, 3, 6493, 5685, 6368, 5605, 6072, 6601, 6524)
(90743, 36, 5368, 6816, 5806, 6324, 6897, 6211, 6160)
(56497, 42, 5739, 6578, 6602, 5700, 6669, 5916, 5493, 6294, 6483, 6191, 6344)
(64161, 39, 6508, 5649, 5836, 5067, 5653, 5685, 6493, 5117, 6849)
(50793, 3, 5793, 6493, 6160, 5233, 5588, 5610, 6852, 5247)
(45149, 25, 5641, 6898, 6324, 6224, 6480, 5464, 6399)
(66475, 10, 6959, 6683, 6977, 5445, 6364, 5013, 6111, 6726, 5653)
(73574, 38, 6287, 6399, 5464, 6480, 6852, 5610, 6634)
(41641, 28, 6685, 6754, 5465, 6121, 6717, 5605, 5067, 6634, 5610, 6852)
(49982, 41, 5340, 5493, 5916, 5836, 5067, 6634, 5610, 6852)
(33125, 18, 5493, 5916, 5836, 5605, 6368, 5641, 5233, 5797, 6849)
(62235, 26, 6569, 5367, 5320, 5201, 5050, 6448, 6901, 5464)
(54250, 15, 5663, 5130, 5973, 5657, 5092, 6364, 5320, 5916, 5836, 5605, 6717, 6121, 5465, 6754, 5965)
(23713, 34, 6224, 6852, 5142, 6602, 5995, 5050)
(36205, 13, 6959, 6814, 6569, 6865, 5080, 5013, 6111, 6726, 5653, 5685, 6493)
(93299, 12, 6318, 6327, 6493, 5685, 5641, 5588, 5148, 6602, 6578)
(52054, 21, 5130, 6399, 5464, 6480, 6852, 6597, 6898, 5233, 6160, 5323, 6905, 5465, 6576)
(88242, 28, 6344, 6191, 6483, 6294, 5493, 5916, 5836, 5067)
(21959, 23, 6703, 5207, 5793, 6493, 5685, 5641, 5588, 5610, 6852, 5247)
(40441, 17, 5455, 6696, 6010, 5649, 5916, 5201, 5050, 6448, 6253, 5973, 6287)
(21875, 46, 5201, 5050, 6448, 6901, 5464, 6480, 6224, 6176, 6732, 6090)
(100407, 45, 5142, 6602, 5995, 5050, 5013, 6364, 5445, 6977)
(39864, 15, 5117, 6493, 5323, 6905, 6121, 5144, 6623, 6508, 6294, 5450)
(100091, 1, 5367, 5320, 5201, 5050, 6448, 5911, 6578)
(74494, 49, 5464, 6480, 6852, 6597, 6898, 5641, 6368, 6717, 5844, 5788)
(36811, 30, 6176, 6324, 6898, 5641, 5653, 6726, 6111, 5013, 5080)
(50679, 21, 5605, 6717, 6121, 5289, 6467, 6092)
(91664, 17, 5973, 6253, 6448, 5995, 5148, 5588, 5641, 6368)
(108134, 17, 6054, 6576, 5975, 6530, 5323, 5685, 5641, 6898)
(78588, 4, 6092, 6467, 6351, 5844, 6717, 5605)
(24907, 37, 5995, 5148, 5588, 5641, 6368, 6942, 6905, 5289, 6467)
(25312, 8, 5368, 5739, 5464, 6901, 6253, 6617, 6998, 5275, 6865, 6569)
(103962, 22, 6901, 6448, 5995, 5700, 6669, 5649, 6623, 6601, 5519, 6351, 5165)
(87647, 42, 6541, 5303, 6211, 6160, 5685, 6368, 5605, 5836)
(94767, 5, 6092, 6467, 6351, 5519, 6601, 6072, 5836, 6669, 5700)
(101511, 17, 5916, 6669, 6726, 5653, 5641, 5233, 6211, 5683, 6741)
(80403, 17, 5860, 5806, 6324, 6898, 5588, 6634, 6726, 6669, 5649, 6010)
(19565, 35, 5320, 5201, 5050, 6448, 6901, 5464, 6480, 6224, 6176, 6732)
(62916, 43, 6344, 6191, 5845, 6696, 6524, 6601, 6072, 5067, 6634, 5610, 6852, 5247)
(74323, 43, 5142, 6597, 6897, 6211, 6160, 5323, 6905, 5289, 6467)
(61347, 49, 6399, 6901, 5911, 5142, 5610, 6634, 5067, 5605, 6942, 6530)
(109651, 4, 6230, 6318, 6703, 6576, 5465, 6121, 5844, 5788, 5827)
(70194, 7, 5887, 5311, 6090, 6788, 5956, 5860, 6816, 5368, 5218)
(20317, 29, 5393, 6788, 6732, 5303, 6897, 6898, 5588, 5148, 5700, 6111, 5201, 5320, 5445, 6462)
(54376, 46, 5860, 5806, 6224, 6480, 5464, 6399, 5973, 5657)
(57144, 15, 5130, 6399, 5464, 6578, 5142, 5610, 6634)
(60995, 14, 5275, 5241, 6676, 6448, 5911, 6578)
(74443, 18, 6732, 6176, 6224, 6852, 5610, 6634, 5067, 6072, 6601, 6336, 5455, 5845, 6191, 6344)
(85210, 47, 5142, 6597, 6897, 6211, 6160, 5323, 6905, 5289, 6467)
(18124, 34, 6977, 5340, 5493, 5916, 6669, 6726, 5653, 5641, 6898)
(42810, 2, 6368, 6717, 5844, 5519, 6524, 5022, 5450)
(25799, 44, 6336, 6524, 6010, 6508, 5340, 6462, 6569, 6865, 5275, 6998, 6127, 5663)
(49037, 23, 6467, 6351, 5519, 6601, 6623, 6508, 5493, 5201)
(80817, 3, 6898, 5641, 6368, 6717, 5144, 6623, 6508)
(51378, 31, 6364, 5013, 6111, 6726, 6634, 5588, 5233, 6211, 5303, 6732, 6090)
(109489, 39, 5588, 5148, 5995, 5050, 5201, 5320, 5445, 6977, 6850)
(74158, 37, 5275, 6865, 6569, 6814, 6683, 5450, 5022, 6524, 5519, 6351)
(106965, 18, 6230, 6318, 5207, 5975, 5465, 6121, 5844, 5519, 6524, 5022)
(58722, 27, 6959, 6683, 5450, 5022, 6524, 6601, 6072, 5067, 6634, 5610, 6852, 5247)
(85987, 13, 5233, 5797, 5117, 5793, 5975, 6754, 5965)
(40601, 7, 5973, 6253, 6448, 5050, 6111, 6669, 5649, 6623, 5144, 6121)
(107392, 16, 5303, 6211, 6160, 5323, 6942, 5605, 6072, 6601, 6524, 5022, 6483, 6191, 6344)
(25886, 11, 5393, 6788, 6940, 5683, 6897, 6597, 5142, 6602, 5700, 6669, 5916, 5320, 5445, 6462)
(46062, 22, 5911, 5142, 5610, 5588, 5641, 6368, 6717, 5844)
(103498, 23, 5493, 5201, 5050, 5995, 5148, 5588, 6898, 6897, 5683, 6940, 6090)
(40394, 46, 6121, 6905, 6530, 5793, 5117, 6849, 5887, 5311, 5270)
(53158, 32, 6462, 5445, 6364, 5092, 5657, 5973, 6399, 5464, 6480, 6224)
(75236, 4, 5683, 6897, 6898, 5588, 5148, 5700, 6669, 5649, 6010)
(87638, 8, 5683, 6211, 5233, 5588, 6634, 6726, 6669, 5649, 6508, 6294)
(89586, 41, 6324, 6898, 5588, 5148, 5700, 6111, 5201, 5493, 6294, 6483)
(29876, 18, 5956, 6541, 5303, 6897, 6898, 5588, 6634, 5067, 6072, 6601)
(99839, 26, 6508, 5649, 6669, 6726, 5653, 5641, 6898, 6897, 5303, 6541, 5956)
(64266, 38, 5895, 6685, 6754, 5975, 6530, 6942, 6368, 5641, 5588, 5610, 5142, 5911, 6253, 6617)
(105542, 13, 6493, 5685, 5641, 5588, 5610, 6852, 5247)
(51299, 5, 6318, 6327, 5117, 5797, 6211, 6897, 6597)
(108106, 34, 5320, 5916, 6669, 5700, 5148, 5610, 6852, 5247)
(22380, 41, 6814, 6569, 6865, 5080, 5013, 6111, 5700, 6602, 5142, 6852, 6224, 6176)
(31494, 24, 5519, 5844, 6121, 6905, 5323, 6493)
(68393, 29, 6191, 5845, 5455, 5827, 6621, 6092, 6685, 6754, 5975, 5793, 5117, 6642, 6940, 6788)
(44178, 24, 6351, 5519, 6601, 6623, 5649, 5916, 5320, 6364, 5092, 5241)
(27638, 39, 5806, 6176, 5303, 5683, 6741, 5887, 6230, 6318, 6703)
(31638, 36, 6524, 6601, 6072, 5605, 6368, 5641, 5233, 5797, 6642, 6940, 6788)
(98226, 36, 6901, 6448, 5995, 5148, 6634, 5067, 5605, 6717)
(19144, 47, 5797, 6160, 5685, 5653, 6726, 6111, 5201, 5493, 6294, 6483)
(42577, 44, 6683, 5450, 6294, 5493, 5201, 5050, 5995, 5148, 5588, 5233, 5797, 6849)
(100666, 1, 6959, 6683, 6977, 5340, 5493, 5201, 6111, 6726, 5653, 5641)
(68342, 10, 6160, 5233, 5588, 5610, 5142, 5911, 6901, 5485)
(108697, 22, 5641, 5653, 5067, 6072, 6623, 6508, 5340)
(87401, 6, 6176, 6224, 6852, 5142, 6602, 5995, 5050)
(86096, 1, 6897, 6898, 5641, 6368, 5605, 5836, 5916, 5320, 5367)
(102477, 34, 6814, 6569, 6865, 5080, 5092, 6676, 6448, 5911, 5142, 6597, 6897)
(99695, 32, 5092, 6364, 5320, 5916, 5649, 6623, 5144, 6121, 5465, 6576)
(64922, 26, 5142, 5911, 6253, 5657, 5241, 5275, 6865)
(90840, 8, 6399, 5464, 6480, 6224, 6324, 6898, 5641, 6368, 6717, 5844)
(80900, 36, 6467, 5289, 6905, 6942, 6368, 5653, 6726, 5700, 5995, 6448, 6901)
(33116, 14, 5836, 6669, 6111, 5013, 5092, 5657, 5973)
(20085, 1, 5275, 6865, 6569, 6462, 6977, 6850, 6191, 5845, 5455)
(37670, 5, 6224, 6480, 5464, 6901, 6448, 5050, 5013, 6364)
(34075, 8, 6852, 5610, 5588, 5641, 5685, 6493, 6327, 6318)
(12523, 16, 6905, 6942, 5605, 5067, 6634, 5148, 5995, 6676, 5657, 5973, 6287, 5039)
(85792, 24, 6621, 5788, 5519, 6524, 6010, 6508, 5493, 5201, 5050, 6448, 6901, 5485)
(90071, 16, 5700, 5148, 5588, 5233, 5797, 6642, 6940, 6090)
(91875, 8, 6901, 5911, 6602, 5148, 5588, 5233, 6160)
(57646, 29, 5233, 6160, 5323, 6530, 5975, 6754, 5965)
(70665, 15, 5289, 6121, 5144, 6072, 5067, 6634, 5610, 6852, 6480, 5464)
(35784, 9, 5323, 6905, 5289, 6351, 5788, 5827, 5455, 5845, 6191, 6344)
(63396, 37, 5793, 5975, 5465, 5289, 6351, 5519)
(60565, 33, 6318, 6327, 5117, 5797, 5233, 5588, 5610, 6852, 6480, 5464, 6399, 5130)
(24120, 28, 6368, 5653, 6634, 5610, 5142, 5911, 6901)
(74515, 34, 6942, 6368, 5641, 6898, 6324, 6224, 6480, 5464, 6399)
(66238, 3, 5973, 5657, 5092, 6364, 5445, 5340, 6508, 6623, 5144, 6121, 5465, 6576)
(46964, 45, 6541, 5303, 6211, 6160, 5323, 6942, 5605, 5836, 5916, 5320, 5367)
(45594, 32, 6176, 6324, 6597, 5142, 5911, 6253, 6617, 6998, 5275, 6865)
(54301, 10, 6524, 5519, 5844, 6121, 6905, 5323, 6160, 6211, 5303)
(75125, 27, 6211, 6160, 5685, 6368, 5605, 6072, 6623, 6508)
(73864, 7, 5975, 6754, 6685, 6092, 6621, 5827, 5455)
(30023, 27, 5367, 5320, 5493, 6294, 5022, 6696, 5455, 5827, 6621, 6092)
(84393, 11, 6852, 5610, 6634, 5653, 6368, 6717, 6121, 5289, 5165, 5965)
(101442, 15, 6865, 5367, 5320, 5916, 5649, 6010, 6524, 5519, 6351)
(29294, 23, 5144, 6072, 5836, 6669, 6111, 5013, 5092)
(65853, 7, 6294, 5493, 5916, 5836, 5605, 6942, 6530, 5793, 5117)
(89360, 35, 5142, 6602, 5995, 6676, 5241, 5275, 6865, 6569)
(21529, 38, 5653, 5641, 6898, 6324, 5806, 5860, 5956, 5393)
(55507, 29, 6324, 6898, 5588, 6634, 5067, 6072, 6623, 6508)
(29451, 16, 6344, 6850, 5450, 6294, 5493, 5201, 6111, 6726, 6634, 5588, 5233, 6211, 5683, 6940, 6090)
(30249, 6, 6224, 6480, 5464, 6399, 5973, 5657, 5092, 6364)
(30271, 45, 6111, 6726, 5653, 5685, 6160, 6211, 5303, 6541)
(84286, 17, 6054, 6576, 5975, 6530, 5323, 5685, 5641, 6898, 6597, 5142, 6578)
(85353, 20, 6344, 6850, 5450, 5022, 6010, 6623, 6072, 5605, 6942, 6530, 5207, 6318, 6230)
(13521, 15, 6569, 6865, 5080, 5013, 6111, 5700, 6602, 6578)
(99763, 18, 6683, 5450, 5022, 6524, 6601, 6072, 5605, 6942, 6530, 5207, 6318, 6230)
(33123, 44, 5289, 6905, 6942, 6368, 5641, 5588, 5148)
(36675, 28, 5050, 5995, 6602, 6578, 6480, 6224)
(51062, 40, 6717, 5605, 5067, 6634, 5610, 5142, 5911, 6901, 6399)
(73218, 16, 6634, 5588, 5233, 6211, 5683, 6940)
(44050, 44, 5393, 6788, 6940, 5683, 6897, 6898, 5588, 6634, 5067, 6072, 6623, 6508, 5340, 6977)
(93890, 23, 6480, 6224, 6324, 6897, 6211, 5797, 6849, 6230, 6318, 6703, 6054)
(12367, 14, 5368, 5739, 5464, 6901, 6448, 5050, 5013)
(102335, 8, 6191, 6483, 5022, 6010, 5649, 6669, 5700, 6602, 6578, 5739, 5368, 6816)
(39230, 36, 6480, 6224, 6324, 6898, 5233, 6160, 6493)
(78334, 42, 5450, 5022, 6010, 5649, 6669, 5700, 5148, 5610, 6597, 6324)
(52297, 29, 5793, 6493, 6160, 5233, 5588, 5148, 6602, 5911, 6901, 5485, 6785, 5039)
(85890, 44, 5340, 6508, 6623, 6072, 5605, 6368, 5641)
(55876, 39, 6998, 5241, 6676, 5995, 5700, 6726, 5067)
(53961, 16, 5700, 6726, 5067, 5605, 6717, 5844, 6351, 5165)
(82592, 13, 5142, 6597, 6897, 6211, 6160, 5323, 6530, 5207, 6703, 6054, 5030)
(82534, 37, 5845, 5455, 5827, 5788, 5844, 6717, 6368, 5685, 6493)
(94305, 40, 5975, 6530, 6942, 5605, 5836, 6669, 5700, 5995, 6448)
(36660, 26, 5080, 5013, 5201, 5493, 6508, 6010, 6524, 5519)
(55127, 30, 6092, 6467, 6351, 5844, 6717, 6368, 5653)
(42251, 28, 6717, 5605, 5067, 6634, 5148, 5995)
(60689, 42, 6092, 6467, 5289, 6905, 5323, 5685, 5641, 5588, 5610, 6852, 5247)
(95869, 31, 5270, 5311, 6741, 5683, 6897, 6597, 5610, 6634, 6726, 6669, 5649, 6508, 5340)
(17470, 10, 6230, 6849, 5797, 6211, 6897, 6324, 5806, 6816, 5368, 5218, 6785, 5039)
(59650, 23, 5289, 6121, 5144, 6623, 5649, 5916, 5201, 5050, 6448, 6901)
(10087, 12, 5367, 5320, 5201, 6111, 5700, 6602, 6578, 5739, 5368)
(49426, 12, 5368, 5218, 6785, 5039, 5663, 6127, 6998, 5275, 6865, 6569)
(108261, 22, 5275, 6998, 6617, 6253, 6901, 5464, 6480, 6224, 6176, 6732, 6090)
(52267, 9, 6717, 6368, 5641, 5588, 5148, 6602, 6578, 5739, 5218)
(85242, 4, 5836, 5649, 6508, 6294, 6483, 6191, 6344)
(90232, 44, 5806, 6324, 6898, 5641, 5685, 5323, 6530, 5975, 6576, 6054)
(53205, 23, 6788, 6940, 5683, 6897, 6597, 5610, 6634, 5067, 5836, 5649, 6010, 5022, 5450)
(30929, 6, 6462, 5340, 6508, 6623, 6072, 5067, 6634, 5610, 6852)
(49946, 1, 6351, 5519, 6601, 6623, 5649, 6669, 5700, 6602)
(15171, 16, 5050, 5201, 5916, 5649, 6623, 6601, 5519, 5788, 6621, 6092, 5895)
(50150, 26, 6224, 6324, 6897, 6211, 6160, 6493, 5793, 5975, 6754, 5965)
(60889, 42, 5320, 5916, 5836, 6072, 6601, 6336)
(79688, 43, 5519, 6601, 6623, 5649, 6669, 6111, 5013, 5080, 5275, 6998, 6127, 5663)
(97668, 1, 5610, 6634, 5067, 5836, 5916, 5493, 5340, 6977, 6850)
(69775, 18, 6318, 6230, 6849, 5797, 6211, 6897, 6597, 5142, 5911, 6253, 5973, 6287)
(105709, 25, 6732, 5303, 6897, 6898, 5641, 6368, 6717, 5844, 5519, 6524, 5022, 5450)
(76984, 40, 6852, 5610, 5148, 5700, 6669, 5916, 5493, 6294, 5450, 6683)
(95571, 16, 5700, 5995, 6448, 6901, 6399, 5130)
(64943, 24, 5973, 6253, 5911, 5142, 5610, 6634, 5653, 5685, 5323, 6905)
(88166, 8, 5683, 6897, 6898, 5588, 5148, 5700, 6669, 5649, 6508, 5340, 6462)
(25928, 47, 5201, 6111, 6726, 5653, 5685, 6493, 5117, 6642, 6940)
(73900, 3, 5465, 6905, 5323, 5685, 5641, 6898, 6324, 6224, 5247)
(42984, 34, 6530, 6942, 5605, 5836, 5916, 5201, 5013, 5092, 5241, 6998, 6127, 5663)
(49534, 45, 6351, 5519, 6524, 6010, 5649, 5916, 5201, 5013, 5092, 5657, 6617, 6127, 5663)
(33432, 39, 5995, 6676, 5241, 5275, 6865, 6569, 6814)
(13364, 42, 6324, 6897, 5683, 6642, 6849, 6230, 6318, 6703, 6054, 5030)
(51328, 14, 5860, 6541, 5303, 6211, 5797, 5117, 5793, 5207)
(81369, 16, 6111, 6669, 5649, 6010, 6524, 5519)
(100836, 47, 6364, 5013, 5050, 6448, 5911, 6578, 6480, 6224, 6176)
(109877, 29, 6897, 6211, 6160, 5323, 6530, 5207)
(29717, 2, 6754, 5465, 6121, 6717, 6368, 5653, 6726, 6111, 5013, 5080)
(13341, 3, 5806, 6176, 6732, 6940, 6642, 6849, 6230, 6318)
(74136, 20, 6852, 5610, 6634, 6726, 6111, 5201, 5320, 5367)
(47289, 10, 6127, 6998, 5275, 5080, 6364, 5320, 5493, 6508, 6623)
(90502, 26, 6717, 6368, 5653, 6726, 6111, 5050, 6448, 6901, 5485)
(22595, 12, 6092, 6467, 6351, 5519, 6601, 6623, 5649, 6669, 5700, 5995, 6448, 6901, 5485)
(103286, 11, 5368, 6816, 5860, 5956, 6788, 6940, 6642, 5117, 5793, 5975, 6754, 6685)
(24255, 12, 6351, 5844, 6717, 6368, 5641, 5588, 5148, 5995, 6676, 5241)
(22939, 42, 6480, 6852, 5610, 6634, 5653, 5685, 5323, 6530, 5207)
(76712, 33, 5683, 6897, 6597, 5142, 5911, 6448, 5050, 5201, 5493, 6294, 6483)
(83194, 10, 5233, 5588, 5148, 6602, 6578, 5739)
(57940, 6, 6399, 5464, 6578, 5142, 5610, 5588, 5641, 6368, 6717)
(18600, 14, 6998, 5275, 6865, 5367, 5445, 5340, 6294, 5022)
(33971, 26, 6959, 6814, 6569, 5367, 6364, 5013, 6111, 5700, 5148, 5588, 5233, 5797, 6849)
(14566, 2, 5827, 5455, 5845, 6483, 5450, 6977, 6462, 6569, 6865, 5275, 6998)
(91593, 36, 5519, 6351, 5165, 6754, 5975, 5793, 5117)
(99197, 26, 6849, 5117, 5793, 6530, 6942, 6717, 5144, 6601, 6336, 5455, 5845, 6191)
(21141, 32, 6462, 5445, 6364, 5092, 5657, 6253, 5911, 5142, 6597, 6897, 5683)
(104699, 7, 6318, 6327, 5117, 6642, 5683, 5303, 6541, 5860, 6816, 5368, 5218, 6785)
(65808, 22, 5973, 5657, 6676, 5050, 6111, 6669, 5836, 5605, 6942, 6530, 5207)
(72938, 13, 6448, 5050, 6111, 6726, 5067, 5605, 6717, 5844)
(79327, 39, 5050, 5201, 5916, 5649, 6623, 6601, 5519)
(28253, 13, 5788, 5844, 5144, 6072, 5067, 6726, 6111)
(44956, 36, 5067, 6634, 5610, 6852, 5247, 5368, 5218, 6785, 5039)
(55475, 48, 5793, 6530, 6942, 6717, 5844, 5788, 5827, 5455, 5845)
(79303, 20, 6530, 6942, 5605, 5067, 6634, 5610)
(91422, 3, 5956, 6541, 6176, 6324, 6597, 5142, 6602, 5700, 6669, 5649, 6010)
(55220, 11, 5610, 6634, 5653, 5685, 5323, 6530, 5207, 6703)
(55382, 44, 5788, 5519, 6601, 6623, 5649, 5916, 5201, 5013)
(73430, 42, 6785, 5218, 5368, 6816, 5806, 6176, 5303, 6211, 6160, 5323, 6905, 5289)
(34025, 13, 6865, 6569, 6814, 6683, 5450, 5022)
(57100, 20, 6448, 5050, 6111, 6669, 5836, 5605, 6942, 6530, 5207)
(23742, 10, 5142, 5610, 5588, 5233, 6160, 5323, 6905)
(99575, 35, 6508, 5649, 5836, 5067, 5653, 5641, 5233, 6211, 5683, 6940)
(67231, 20, 6092, 6467, 6351, 5844, 6717, 5605, 5067, 6726, 6111, 5050, 6676, 5657, 5973, 6287, 5039)
(80989, 39, 6602, 5700, 6669, 5836, 5605, 6942)
(20086, 18, 5610, 5148, 5995, 6676, 5092, 6364)
(25371, 27, 5605, 5836, 5916, 5493, 6294, 6483)
(46485, 8, 5445, 5320, 5201, 6111, 6726, 6634, 5588, 6898, 6324)
(32832, 6, 6602, 5148, 5588, 5641, 6368, 6717, 6121, 5465, 6576, 6054)
(60976, 35, 5233, 5588, 5148, 5700, 6111, 5201, 5493)
(73397, 20, 6726, 6634, 5610, 6852, 6224, 6176, 6732)
(31433, 40, 6010, 6623, 6072, 5605, 6368, 5685)
(31254, 7, 6597, 5142, 5911, 6448, 5050, 5201, 5493, 6294, 6483)
(15696, 16, 5845, 6696, 6524, 6601, 5144, 6717, 6368, 5641, 6898, 6897, 5303, 6732)
(63043, 10, 6324, 6597, 5610, 6634, 6726, 6111, 5201, 5493, 5340, 6462, 6814, 6959)
(70292, 7, 6898, 5641, 5653, 6726, 6111, 5201, 5493, 6294, 6483, 6191)
(17614, 3, 6524, 5022, 6294, 5340, 5445, 6364, 5092, 5241, 6998, 6127, 5663)
(104769, 15, 5975, 5465, 5289, 6351, 5519, 6336)
(69690, 45, 5887, 6849, 5117, 6493, 5323, 6942, 5605, 6072, 6601, 6524, 5022)
(107409, 1, 6224, 6480, 6578, 6602, 5995, 5050, 5013, 6364)
(57306, 25, 6897, 6898, 5641, 6368, 6717, 5844, 5519, 6524, 5022, 5450)
(46614, 14, 6717, 6368, 5641, 5588, 5148, 5995, 6448, 6901, 6399)
(35430, 12, 6940, 6642, 5797, 5233, 5588, 6634, 5067, 5836, 5916)
(24233, 18, 6327, 6493, 5685, 6368, 6717, 5144, 6601)
(37581, 26, 6351, 5519, 6524, 5022, 6294, 5493, 5201, 5050, 6448, 6901)
(25382, 48, 5323, 6160, 5233, 6898, 6597, 5142, 5911, 6253, 6617)
(24350, 32, 6726, 6111, 5050, 6676, 5657, 5973, 6287)
(20977, 4, 5827, 6621, 6092, 6685, 6754, 5975, 5793)
(25718, 5, 5657, 5092, 5013, 6111, 6669, 5649, 6623, 5144, 6121, 5465)
(71239, 5, 6676, 5995, 5148, 6634, 5067, 6072, 6601)
(41621, 9, 6121, 6717, 5605, 5067, 6634, 5148, 5995, 6448, 6253, 5973, 6287)
(96170, 31, 6901, 6448, 5995, 5148, 5588, 5641, 6368, 6717, 6121, 5465, 6576)
(49731, 16, 6621, 5788, 5519, 6601, 6623, 5649, 6669)
(45964, 40, 5030, 6054, 6703, 5207, 5793, 5117, 6642, 6940, 6732, 6541, 5860, 6816, 5368, 5218)
(85484, 8, 5303, 6211, 6160, 5685, 6368, 5605, 5836, 5916, 5320, 5367)
(28646, 2, 5270, 6090, 6940, 6642, 5117, 6493, 5685, 5653)
(89377, 29, 5445, 6364, 5013, 6111, 5700, 5148)
(36164, 32, 6865, 5367, 5320, 5493, 6294, 5022, 6524, 5519, 6351, 6467, 6092)
(40350, 42, 5050, 5201, 5493, 6508, 6623, 5144, 6121, 5465)
(24332, 46, 5218, 5368, 5247, 6224, 6324, 6897, 6211, 6160, 5323, 6905, 5289, 6467)
(78748, 3, 6127, 6998, 5241, 5092, 5013, 6111)
(64746, 2, 6897, 6597, 5610, 6634, 5067, 6072, 6623, 6010, 5022, 5450, 6850)
(108713, 14, 6483, 6294, 5493, 5201, 6111, 5700, 6602, 6578, 6480, 6224, 6176, 6732)
(79292, 45, 5739, 6480, 6224, 6176, 5303, 6211)
(25401, 18, 5311, 6741, 6642, 5117, 6493, 5685, 5653, 6726, 6111)
(80300, 29, 6480, 6578, 5911, 6253, 5657, 5092, 6364, 5445, 6977, 6850)
(31371, 4, 5092, 5013, 6111, 6726, 5653, 6368, 6717, 6121, 5465, 6754, 6685)
(59402, 15, 6483, 6294, 6508, 6623, 5144, 6121, 6905, 6530, 5793, 5117, 6642)
(88417, 10, 5320, 5916, 6669, 6726, 5653, 5641, 5233, 6211, 5303, 6541)
(101063, 3, 6127, 6998, 5241, 5092, 5013, 6111, 6726, 5653, 5685)
(100306, 45, 6998, 5241, 5092, 5013, 5201, 5916, 5836, 6072, 5144, 6121, 5465, 6576)
(24515, 37, 5165, 5289, 6905, 5323, 6160, 5233, 5588)
(77180, 43, 6785, 5218, 5739, 6578, 6602, 5148, 5588, 5233, 6160)
(37729, 48, 6508, 5340, 5445, 6364, 5080, 5275, 6998, 6127)
(46027, 21, 5368, 5247, 6852, 5610, 5588, 5233, 5797, 6849)
(102525, 13, 6230, 6327, 5793, 5975, 5465, 6121, 5844, 5519, 6524, 5022, 5450, 6683)
(12871, 40, 6601, 6072, 5067, 6726, 6111, 5013, 5080)
(52150, 2, 6224, 6852, 5610, 5148, 5995, 5050, 5201, 5493, 6294)
(78426, 3, 6467, 5289, 6905, 5323, 5685, 5653, 6726, 5700, 5995, 6676, 5241, 6998)
(19252, 32, 6508, 6623, 6072, 5605, 6942, 5323, 6160, 6211)
(77715, 18, 6576, 5465, 6905, 5323, 5685, 5641, 6898)
(33365, 26, 6959, 6814, 6569, 6865, 5080, 5013, 5050, 6448, 5911, 5142, 6597, 6897, 5683)
(88294, 22, 5965, 5165, 6351, 5519, 6601, 6623, 5649, 6669, 6111, 5050, 6448, 6901, 5485)
(34343, 11, 5289, 6121, 6717, 6368, 5653, 6726, 6111, 5050, 6448)
(102997, 18, 6732, 6176, 6324, 6597, 5610, 6634, 5067, 6072, 6601, 6336)
(24731, 23, 6480, 6852, 5610, 5588, 5641, 6368, 6942, 6905, 5289, 5165, 5965)
(41039, 14, 6597, 6897, 5683, 6741, 5887, 6230, 6318)
(47580, 18, 5641, 5588, 5148, 5995, 6676, 5657, 5973)
(74896, 10, 5493, 5201, 6111, 5700, 5148, 5588, 6898, 6897)
(101467, 19, 6508, 5340, 5445, 5367, 6865, 5275, 6998, 6127, 5663)
(80623, 19, 5148, 5588, 5233, 6160, 5323, 6905, 5289, 6467)
(70716, 38, 5860, 5806, 6224, 6480, 5464, 6901, 6253, 5657, 5092)
(22386, 43, 6865, 6569, 6814, 6683, 6850, 6191, 5845, 5455, 5827, 6621, 6092, 5895)
(55408, 34, 5793, 6530, 6905, 6121, 5144, 6623, 6010, 5022, 5450)
(55111, 3, 5450, 6294, 5493, 5201, 5050, 5995, 5148)
(53945, 31, 6191, 6483, 6294, 5493, 5916, 5836)
(19301, 32, 6569, 5367, 5320, 5201, 5050, 5995, 5148, 5610, 6597, 6324)
(66860, 45, 5485, 6901, 6448, 5050, 5201, 5916, 5836, 5605, 6942, 6530)
(108582, 9, 5275, 5241, 5657, 6253, 6901, 5485, 5218, 5368, 6816)
(74165, 16, 6816, 5368, 5739, 6578, 6602, 5995, 6676, 5241, 5275, 6865)
(51699, 13, 6224, 6176, 5303, 5683, 6642, 5117, 5793, 5975, 6754, 6685)
(58603, 26, 5367, 6364, 5092, 5657, 6253, 5911, 5142, 6597, 6897, 5683, 6741)
(62657, 19, 6368, 5641, 6898, 6597, 6852, 6480, 5739, 5218)
(91237, 23, 5067, 6726, 6111, 5050, 6448, 6253, 5973)
(17405, 42, 6816, 5368, 5218, 5485, 6901, 6448, 5050)
(53552, 9, 6676, 5995, 5148, 5588, 5641, 6368, 6717)
(44852, 49, 5519, 6351, 5289, 6905, 6530, 5793, 5117)
(49057, 18, 6865, 5080, 5092, 6676, 5995, 6602, 5142, 6852)
(58118, 5, 5965, 6754, 5465, 6121, 6717, 6368, 5653, 6726, 6111, 5050, 6448, 6901)
(47923, 39, 6483, 5022, 6524, 6601, 6072, 5067, 6634, 5588, 6898, 6897)
(85357, 43, 5080, 5092, 5657, 5973, 6287, 6785, 5218)
(72328, 22, 6741, 6642, 5117, 6493, 5685, 6368, 6717, 5144, 6623, 6508, 6294, 5450, 6683)
(48103, 25, 5445, 6364, 5092, 6676, 5995, 5148, 5588, 5233, 5797, 6849, 5887)
(82442, 34, 5845, 5455, 5827, 5788, 6351, 5289, 5465, 5975, 5793, 5117, 6642, 6940, 6788, 5393)
(76482, 36, 5144, 6072, 5067, 6634, 5610, 5142, 5911, 6901, 6399)
(77949, 37, 6493, 5685, 5653, 5067, 5836, 5649, 6010, 6696)
(68613, 13, 5965, 6754, 5465, 6121, 6717, 6368, 5653, 6634, 5148, 6602)
(86192, 2, 5218, 5739, 6578, 5142, 5610, 6634, 5067, 6072, 6601, 5519, 6351, 5165)
(18273, 40, 5916, 5649, 6010, 6524, 5519, 5788)
(63473, 41, 6849, 5797, 5233, 5588, 6634, 6726, 6669, 5649)
(89462, 18, 6351, 5519, 6524, 5022, 6294, 5340, 5445, 6364, 5080, 5275)
(58827, 11, 6121, 6717, 6368, 5641, 5588, 5148, 5995, 6676)
(59351, 10, 5911, 6253, 6617, 6998, 5275, 6865)
(107715, 16, 6621, 5827, 6336, 6601, 6072, 5067, 6726, 6111)
(108336, 30, 5739, 6578, 6602, 5700, 6669, 5836, 5605, 6717, 6121, 5465, 6754, 5965)
(61213, 7, 5844, 5144, 6623, 6508, 5493, 5320, 6364, 5092, 5657, 5973, 6287)
(18750, 31, 5241, 6676, 5050, 5201, 5493, 6294, 5022, 6696, 5455, 5827, 6621)
(62814, 3, 6318, 6327, 5117, 6642, 5683, 6897, 6597)
(38746, 41, 6127, 6998, 5241, 6676, 5050, 6111, 6726, 5067, 5605, 6942, 6530)
(65834, 2, 5911, 6602, 5700, 6726, 5067, 5605, 6942, 6530, 5207)
(83718, 30, 5700, 6669, 5649, 6010, 6696, 5845, 6191, 6344)
(41002, 18, 5827, 5455, 5845, 6483, 5450, 6683, 6814, 6569, 6865, 5275)
(29684, 37, 6224, 6176, 6732, 6940, 6642, 5117, 5793, 5975)
(76290, 37, 5148, 5995, 5050, 5013, 6364, 5445)
(10807, 36, 6336, 6524, 5022, 5450, 6683, 6814, 6569, 6865, 5275, 6998)
(52464, 4, 5588, 5233, 5797, 5117, 5793, 5975, 6754)
(91572, 39, 6253, 6448, 5995, 5700, 6726, 5067, 6072, 5144, 6121)
(22864, 13, 5207, 5793, 5117, 5797, 6211, 6897, 6597, 5142, 5911, 6253)
(64588, 24, 5455, 6696, 6010, 5649, 6669, 6111, 5013, 5080)
(65241, 22, 5860, 6541, 6732, 6090, 5311, 5887, 6230, 6318, 6703, 6054, 5030)
(65330, 2, 6642, 5797, 6160, 5685, 5653, 6726, 6669, 5649, 6010, 6696)
(80910, 32, 6578, 5142, 6597, 6897, 5683, 6642, 5117, 5793, 5975, 6754, 6685)
(100568, 8, 6754, 5975, 5793, 5117, 5797, 6211, 5303, 6176, 6224, 6480, 5464, 6399)
(76891, 9, 6621, 5788, 5844, 5144, 6072, 5836, 6669, 5700, 6602, 6578, 5739)
(78463, 8, 6287, 5973, 6253, 5911, 5142, 5610, 5588, 5233, 6160, 6493, 5793)
(25418, 42, 5207, 5793, 5117, 6642, 5683, 6897, 6597)
(89736, 30, 5973, 6253, 6448, 5050, 6111, 6726, 5067, 5605, 6942, 6530, 5207)
(39627, 20, 6524, 5519, 6351, 5289, 6905, 5323, 6160)
(18056, 17, 5030, 6054, 6576, 5975, 5793, 6493, 6160, 5233, 5588, 5148, 5995)
(102369, 7, 5233, 5641, 6368, 6717, 5844, 5788, 5827, 5455, 5845, 6191, 6344)
(70060, 14, 6621, 5827, 5455, 6696, 5022, 5450, 6977, 5445, 6364, 5092, 5657)
(68951, 26, 6726, 6111, 5201, 5493, 6294, 5450)
(69713, 47, 6576, 5975, 5793, 6493, 5685, 5653, 6634, 5148, 6602, 5911)
(78390, 19, 5685, 5653, 5067, 6072, 6623, 6010, 6696, 5845, 6191)
(77594, 39, 5895, 6092, 6467, 5289, 6121, 6717, 6368)
(48307, 44, 6530, 6942, 5605, 5836, 5916, 5320, 5445, 6977, 6683, 6959)
(23639, 28, 5519, 5844, 6121, 5465, 5975, 5793, 6327, 6230, 5887, 5311)
(55439, 34, 5683, 6897, 6898, 5588, 6634, 5067, 5836, 5916)
(41514, 33, 6601, 5144, 6121, 6905, 6530, 5207, 6318)
(24090, 7, 5649, 5836, 5067, 6634, 5588, 6898, 6324, 5806, 5860, 5956)
(65844, 34, 6121, 5144, 6623, 6508, 5493, 5320, 6364, 5092, 5657)
(57298, 37, 6685, 5165, 6351, 5844, 5144, 6072, 5067, 6634, 5610)
(75040, 22, 5039, 6287, 6399, 6901, 5911, 6602, 5700, 6726, 5067, 6072, 6601)
(87786, 13, 6054, 6703, 5207, 6530, 6942, 6368, 5641, 6898, 6597, 5142)
(46703, 22, 6940, 5683, 6211, 6160, 5323, 6905, 6121, 5844, 5519, 6524, 5022, 5450)
(101772, 26, 5050, 6448, 5911, 6578, 6480, 6224, 6176, 6541, 5956)
(92426, 3, 5793, 6493, 5685, 5653, 6726, 5700, 6602, 6578, 5739, 5218)
(11326, 39, 5605, 6368, 5685, 6493, 5117, 6642, 6940, 6788)
(46665, 21, 6090, 6940, 5683, 6897, 6597, 5610, 6634, 5067, 5836, 5916)
(59884, 19, 6336, 6524, 5022, 5450, 6977, 5445, 6364, 5092, 5657)
(52258, 39, 5887, 6849, 5117, 5793, 5975, 6754, 6685, 6092, 6621, 5827, 5455, 5845)
(67681, 39, 6480, 5464, 6901, 6448, 5050, 5013, 5080)
(109605, 35, 6092, 6467, 6351, 5519, 6601, 6623, 5649, 6669, 5700, 6602, 6578, 5739)
(45885, 41, 6703, 5207, 6530, 5323, 6160, 6211, 6897, 6324, 5806, 6816)
(24503, 42, 5450, 5022, 6010, 5649, 5836, 5605, 6368, 5641, 6898, 6324)
(16188, 47, 6741, 6642, 5117, 6493, 5685, 5653, 6726, 6669, 5649, 6010)
(105002, 14, 6072, 5067, 6634, 5610, 6852, 6224, 6176, 6732, 6090)
(102196, 29, 5493, 6508, 6623, 5144, 5844, 5788, 6621, 6092)
(62220, 16, 6191, 5845, 6696, 6010, 6623, 6072, 5067, 6634)
(105327, 31, 5465, 6905, 6942, 5605, 5836, 6669, 5700, 6602)
(102320, 48, 5464, 6901, 6448, 6676, 5092, 5080, 6865, 6569)
(41587, 28, 6160, 5323, 6942, 5605, 6072, 6601, 6524, 5022, 6483)
(102317, 34, 6726, 5653, 5685, 5323, 6905, 5289, 6467)
(62924, 38, 5965, 6754, 5465, 6121, 6717, 5605, 5067, 6634, 5148, 6602, 5911, 6253, 6617)
(84533, 21, 5289, 6905, 5323, 5685, 5641, 6898, 6597, 5142, 5911, 6253)
(71546, 21, 5605, 5067, 6726, 6111, 5050, 6676, 5657, 6617, 6127)
(97925, 47, 6111, 5700, 6602, 5142, 6852, 6224, 5806)
(84595, 36, 6942, 6368, 5641, 5588, 5148, 5995, 6676, 5657, 6617, 6127)
(38721, 35, 6462, 5445, 6364, 5092, 6676, 5995, 6602, 6578, 5739)
(76423, 49, 5022, 6294, 5493, 5201, 5013, 5080, 5275, 6998)
(92718, 37, 6754, 5975, 5793, 5117, 5797, 6211, 5303, 6541, 5860, 6816, 5368, 5218)
(101429, 7, 6703, 6318, 6230, 5887, 6741, 6940, 6788, 5956, 5860, 6816, 5368, 5218)
(72760, 44, 5519, 6524, 5022, 6294, 5493, 5201, 5050, 6448, 6901)
(19385, 24, 6726, 5067, 5605, 6717, 6121, 5465, 6754)
(81715, 5, 6741, 6642, 5117, 6493, 5323, 6942, 5605, 6072, 6623, 6508, 5340, 6462)
(108775, 2, 5860, 5806, 6324, 6597, 5142, 6602, 5700, 6669, 5649, 6010, 6696)
(91215, 26, 5067, 6634, 5610, 5142, 5911, 6253, 5973, 6287)
(78578, 41, 5165, 5289, 6905, 6942, 5605, 5836, 5916, 5320, 6364, 5092, 5657)
(72879, 36, 5218, 5739, 6578, 6602, 5700, 6669, 5836, 5605, 6717, 6121, 5465, 6576)
(16270, 28, 5653, 6726, 6669, 5916, 5493, 6294, 6483, 6191, 6344)
(73804, 11, 6368, 5685, 6160, 5797, 6849, 5887, 5311, 5270)
(60709, 21, 5445, 6364, 5092, 6676, 6448, 5911, 5142, 6597, 6897)
(47852, 19, 5657, 6676, 5050, 5201, 5493, 6294, 5022, 6524, 5519, 5788)
(63340, 15, 6224, 6852, 5610, 6634, 6726, 6111)
(65584, 35, 5685, 6368, 5605, 6072, 6623, 6010, 5022, 5450)
(15073, 28, 6351, 5844, 6717, 5605, 5836, 6669, 5700, 6602, 5911, 6253)
(85687, 49, 5464, 6901, 6253, 6617, 6998, 5275, 6865, 6569, 6814, 6959)
(63564, 29, 6287, 5973, 6253, 5911, 6602, 5148, 5588, 5641, 6368, 6942, 6530, 5207, 6703, 6054)
(73974, 32, 5657, 6676, 5995, 5700, 6669, 5836, 5605, 6942)
(15847, 48, 6480, 6578, 6602, 5700, 6669, 5916, 5320)
(50480, 36, 6324, 6898, 5641, 5653, 6726, 6669, 5916)
(105379, 17, 6054, 6703, 5207, 5793, 5117, 5797, 5233, 5588, 5610)
(88558, 3, 6788, 6732, 5303, 6211, 6160, 5685, 5653, 6726, 6111, 5013, 5080)
(64168, 24, 6977, 5445, 6364, 5013, 5050, 5995, 6602, 5142, 6852)
(86071, 10, 6467, 5289, 6121, 5144, 6623, 5649, 6669, 5700, 5995, 6448, 6901, 5485)
(79698, 20, 6850, 6977, 5445, 6364, 5013, 6111, 6726, 5653, 5685)
(102004, 42, 6351, 5844, 5144, 6623, 5649, 6669, 5700, 6602, 6578, 5739)
(18067, 31, 6493, 5323, 6942, 5605, 6072, 6623, 6508, 6294, 6483)
(55056, 39, 5067, 6634, 5610, 6852, 6224, 6176, 6732)
(18295, 17, 6121, 6905, 6530, 5793, 6327, 6230)
(72727, 1, 5663, 6127, 6998, 5241, 5092, 5013, 6111)
(17189, 34, 5610, 5588, 5233, 5797, 5117, 5793, 5975)
(15205, 32, 6318, 5207, 5975, 6754, 6685, 6092, 6621, 5827, 5455, 5845, 6191)
(95434, 37, 6959, 6814, 6569, 6865, 5275, 5241, 5657, 6253, 5911, 5142, 6597)
(17154, 21, 6849, 5117, 6493, 5685, 5653, 6726, 6669, 5649, 6010, 6696)
(99819, 46, 6483, 6294, 5493, 5916, 5836, 5605, 6942, 5323, 6160, 6211, 5303, 6541)
(93099, 14, 6942, 5323, 6160, 5797, 6642, 6741, 5311)
(70070, 22, 5887, 6230, 6327, 5793, 5975, 5465, 6121, 5144, 6623, 6508, 5340, 6462)
(50628, 23, 6467, 6351, 5844, 5144, 6623, 5649, 5916, 5320, 5367, 6865, 5275, 6998)
(40003, 49, 5289, 6905, 6942, 6368, 5653, 6634, 5610, 5142, 6578, 5464, 6399, 5130)
(101131, 34, 6998, 5275, 6865, 5367, 5320, 5493, 6508, 6623, 6601, 6336, 5827, 6621, 6092, 5895)
(18733, 46, 5270, 6090, 6732, 5303, 6211, 5233, 5641, 6368, 5605, 5836, 5916, 5320)
(85664, 13, 5367, 6364, 5013, 5050, 5995, 6602, 6578)
(80352, 47, 6211, 5233, 5641, 5653, 6726, 6111, 5201, 5493)
(67943, 24, 6621, 5827, 6336, 6601, 6072, 5836, 6669, 5700, 6602, 5911, 6253)
(84062, 11, 6569, 6865, 5275, 5241, 6676, 5995, 5148, 5588, 5233, 5797, 6642, 6940, 6788)
(54063, 12, 6942, 5605, 5067, 6634, 5610, 5142, 5911, 6901)
(46395, 3, 5320, 5201, 6111, 6726, 5653, 5641, 5233, 6211)
(90280, 22, 5887, 6849, 5117, 6493, 5323, 6942, 5605, 5836, 5916, 5493, 5340, 6977, 6683, 6959)
(45518, 20, 5788, 5844, 6121, 6905, 5323, 6493, 5117, 6849, 5887)
(73969, 27, 5207, 5793, 5117, 5797, 6211, 5303, 6176)
(47026, 49, 6634, 6726, 6111, 5201, 5493, 5340, 6462)
(69826, 32, 6703, 6318, 6230, 5887, 5311, 5270, 5393, 5956, 5860, 6816, 5368, 5218, 6785)
(53089, 32, 5464, 6578, 6602, 5148, 6634, 5653, 5685, 5323, 6905, 5289, 6467)
(104579, 10, 6524, 5022, 6294, 5493, 5320, 6364, 5092, 5657, 5973, 6287)
(93272, 31, 5911, 5142, 6597, 6897, 5683, 6741, 5887, 6230, 6318, 6703)
(106272, 37, 5455, 6336, 5519, 5844, 6717, 6942, 5323, 6160, 6211)
(87070, 40, 5311, 5887, 6230, 6318, 5207, 5975, 6754, 5165, 6467, 6621, 5827, 5455, 5845, 6191, 6344)
(29555, 9, 5218, 5739, 6578, 5142, 6597, 6897, 5683, 6642, 5117, 5793, 5207)
(80381, 42, 5201, 5050, 6448, 5911, 5142, 6852, 6224, 5806)
(59288, 36, 6399, 6901, 5911, 6602, 5148, 5588, 5641)
(38046, 24, 5649, 5916, 5320, 6364, 5092, 5657, 6617)
(78393, 4, 5130, 5973, 6253, 6448, 5995, 5700)
(37649, 49, 5860, 5806, 6324, 6597, 5610, 6634, 6726, 6111, 5013, 5080)
(93840, 21, 6998, 6617, 6253, 5911, 5142, 6597, 6324, 5806, 5860, 5956)
(93228, 25, 6368, 5605, 6072, 6623, 6508, 6294, 6483)
(57788, 30, 5241, 6676, 5050, 5201, 5916, 5836, 6072, 6601)
(66039, 32, 5117, 6493, 5323, 6942, 6717, 5144, 6623, 6508, 5340, 6462)
(107631, 4, 6399, 5464, 6578, 6602, 5700, 6726, 5653, 6368, 6717)
(102860, 9, 6852, 5142, 6602, 5995, 5050, 5013, 5080, 6865, 6569, 6814, 6959)
(99974, 45, 5493, 5916, 5836, 5067, 6634, 5588, 5233, 5797)
(62196, 49, 5485, 5464, 6578, 6602, 5148, 5588, 5641, 5685, 5323, 6905, 5289, 6467)
(48034, 7, 6726, 6634, 5610, 6597, 6324, 5806, 5860, 5956)
(40014, 18, 5973, 6253, 5911, 5142, 5610, 6634, 5067, 6072)
(24343, 13, 6814, 6569, 6865, 5080, 5013, 5050, 5995, 5148, 5610, 6597, 6897, 5683, 6741)
(54479, 1, 6741, 6642, 5797, 6160, 5685, 5653, 5067, 6072)
(22617, 49, 5493, 6294, 6483, 5845, 5455, 5827, 6621)
(85784, 42, 5092, 5013, 5201, 5493, 6508, 6010, 6524, 6336, 5827, 6621)
(28498, 39, 5289, 6121, 5144, 6623, 5649, 5916, 5201)
(75750, 12, 5013, 5050, 6448, 6901, 5485, 5218, 5368, 6816, 5860, 5956)
(89047, 40, 5165, 6351, 5519, 6601, 6072, 5067, 6634)
(32431, 36, 5450, 6294, 6508, 5649, 6669, 5700, 5148, 5610, 6852, 6224, 5806)
(79441, 45, 6897, 6898, 5641, 6368, 5605, 5836, 5916, 5320)
(67333, 4, 6717, 6368, 5641, 6898, 6597, 5142, 5911)
(25891, 17, 5493, 5201, 5050, 5995, 5148, 5588, 6898, 6324, 6176, 6541)
(75234, 22, 6898, 5588, 6634, 6726, 6669, 5916, 5493, 6294)
(100318, 23, 5311, 6741, 5683, 6211, 5233, 5588, 6634, 6726)
(65586, 35, 6176, 6224, 6852, 5142, 5911, 6448, 6676, 5092)
(37286, 27, 6230, 6318, 5207, 5975, 6754, 5165, 6467, 6621, 5827, 5455, 5845, 6191, 6344)
(18888, 12, 5827, 5788, 6351, 5165, 6754, 5975, 5207, 6318, 6230, 5887, 5311)
(94610, 31, 5464, 6480, 6852, 6597, 6898, 5641, 6368, 6717, 6121, 5289, 6467)
(93364, 5, 5450, 6294, 6508, 5649, 5836, 5605, 6368, 5685, 6160)
(41363, 46, 5700, 6602, 6578, 6480, 6224, 6176)
(95804, 34, 5683, 6897, 6898, 5641, 6368, 5605, 5836, 5916, 5320, 5367)
(51303, 26, 6524, 5022, 6294, 5340, 6462, 6569, 6865, 5275, 6998, 6127)
(83907, 28, 6602, 5700, 6669, 5836, 6072, 5144, 6121, 5465)
(92182, 25, 5013, 5050, 6448, 5911, 5142, 6597, 6897, 5303, 6732, 6788, 5393)
(23826, 19, 6576, 5465, 6121, 5144, 6072, 5067, 6634, 5610, 6852, 5247)
(28922, 47, 5911, 6253, 5657, 5092, 6364, 5445, 6462)
(46668, 33, 6090, 6732, 5303, 6897, 6597, 5142, 6602, 5995, 5050, 5201, 5493, 5340, 6462)
(80448, 36, 5683, 6211, 5233, 5641, 5653, 6726, 6669, 5649, 6010, 6696)
(35990, 23, 6576, 5975, 5793, 5117, 5797, 5233, 6898, 6597, 6852, 6480, 5739)
(72070, 13, 5685, 6493, 5117, 6849, 5887, 5311)
(64584, 11, 6524, 5519, 5844, 6121, 5465, 6576, 6703, 6318, 6230)
(96619, 6, 6942, 5605, 5836, 5916, 5201, 5050, 6448, 6901, 5485)
(69510, 9, 6814, 6569, 5367, 6364, 5092, 6676, 5995, 5148, 5610, 6852, 6224, 6176, 6732, 6788, 5393)
(38026, 3, 5649, 6669, 5700, 5148, 5588, 5233, 5797)
(99833, 49, 6617, 5657, 6676, 5050, 5201, 5916, 5836, 5605, 6942)
(77936, 40, 5610, 6634, 5067, 5605, 6942, 6530, 5975, 6754, 5965)
(67033, 32, 5142, 6597, 6897, 6211, 6160, 5323, 6905)
(107710, 44, 6336, 5519, 5844, 6121, 6905, 5323, 6160, 6211, 5683)
(88829, 10, 6959, 6683, 6977, 5445, 5320, 5201, 6111, 6726, 6634, 5610, 6597, 6897, 5683)
(61064, 13, 5148, 5588, 5641, 6368, 6942, 6905, 5289, 5165)
(103363, 24, 6814, 6569, 5367, 5320, 5916, 6669, 5700, 5148, 5610)
(83221, 21, 5050, 5995, 5148, 5588, 5233, 6211, 5303)
(63593, 11, 6351, 5519, 6524, 6010, 5649, 6669)
(82793, 23, 6224, 6324, 6897, 6211, 5797, 5117, 5793, 5207, 6703, 6054)
(51783, 35, 6480, 6224, 6324, 6897, 6211, 6160, 5323, 6530, 5207)
(108573, 22, 6898, 5588, 5148, 5700, 6111, 5201, 5493, 5340, 6977, 6850)
(35875, 22, 5844, 6717, 6368, 5653, 6726, 5700, 5995, 6676, 5241)
(28324, 49, 6602, 5700, 6669, 5836, 6072, 5144, 6121, 5465)
(52106, 15, 5700, 6726, 5067, 6072, 5144, 5844, 6351, 6467, 6092, 5895)
(80116, 44, 6090, 6940, 5683, 6211, 5233, 5641, 6368)
(107448, 16, 5827, 6621, 6092, 6685, 6754, 5975, 5793, 5117, 6642)
(108026, 17, 5911, 6602, 5700, 6726, 5067, 5605, 6942)
(107674, 32, 5144, 6072, 5067, 6634, 5148, 6602, 5911, 6253, 6617, 6127, 5663)
(26764, 38, 5797, 6160, 5323, 6942, 5605, 6072, 6601, 6336)
(84622, 25, 6327, 6493, 5323, 6942, 5605, 5836, 5916, 5493, 5340, 6977, 6850)
(17273, 44, 5067, 6072, 6601, 5519, 6351, 6467, 6092, 5895)
(77144, 5, 6726, 6111, 5050, 6676, 5241, 6998, 6127, 5663)
(37655, 19, 5270, 5311, 5887, 6849, 5797, 5233, 5641, 5653, 6726)
(76010, 11, 6448, 5050, 5201, 5493, 6508, 6623, 5144, 6121, 5465)
(96637, 26, 6998, 5241, 6676, 5050, 6111, 6726, 5653, 5685, 5323, 6905)
(92291, 43, 6072, 5836, 5916, 5201, 5050, 6676, 5657, 5973)
(94974, 40, 5289, 6121, 5144, 6623, 5649, 5916, 5201, 5013, 5092, 5657, 5973)
(83715, 12, 6726, 5653, 6368, 6717, 5844, 6351)
(59243, 32, 6493, 5685, 6368, 5605, 5836, 5649, 6010, 6696, 5845, 6191, 6344)
(51577, 22, 6942, 6368, 5653, 6634, 5610, 5142, 6578)
(93544, 4, 5844, 6717, 5605, 5067, 6634, 5148, 5995, 6676, 5657, 5973, 6287)
(68647, 48, 6601, 5144, 6121, 6905, 6530, 5793, 5117)
(92681, 2, 6191, 6483, 5022, 6010, 6623, 5144, 6717, 6368, 5641, 6898, 6324)
(55679, 28, 6211, 6160, 5685, 5653, 6726, 6669, 5916, 5320)
(33697, 33, 6642, 5117, 6493, 5685, 6368, 5605, 6072, 6601, 6336, 5455, 5845, 6191)
(53993, 21, 5827, 6336, 6601, 6072, 5067, 6726, 5700, 6602, 6578, 5739, 5218, 6785)
(19617, 48, 5806, 6324, 6898, 5641, 5653, 6726, 6111, 5013)
(19667, 7, 6336, 6601, 6072, 5605, 6942, 6530, 5207)
(64565, 25, 5806, 6224, 6852, 5610, 6634, 5067, 6072, 6623, 6508, 6294, 6483)
(51926, 23, 5700, 5148, 5588, 5233, 5797, 6849, 5887, 5311)
(78898, 11, 6617, 5657, 6676, 5995, 5700, 6669)
(59054, 9, 6634, 5610, 5142, 5911, 6901, 6399, 5130, 5663)
(101864, 13, 5641, 6368, 6717, 6121, 5465, 6754, 5965)
(99140, 49, 6127, 6617, 5657, 6676, 5995, 5700, 6669, 5836, 5605)
(68108, 42, 5165, 5289, 6905, 5323, 6160, 6211, 5303, 6176, 6224)
(37169, 7, 5393, 6788, 6732, 6176, 6324, 6597, 5142, 6602, 5700, 6669, 5649, 6010)
(70857, 39, 6121, 5465, 5975, 5207, 6318, 6230, 5887, 5311, 5270)
(105023, 12, 5739, 6480, 6852, 5610, 6634, 5653, 6368, 6717, 6121, 5289, 5165)
(39758, 6, 6788, 6732, 5303, 6211, 6160, 5685, 5653, 6726, 6111, 5013, 5080)
(93140, 49, 6576, 5465, 6905, 5323, 5685, 5653, 6634, 5610)
(97288, 12, 6092, 6467, 6351, 5844, 5144, 6623, 5649, 5916, 5320, 5367, 6865, 5275)
(49432, 6, 5657, 6676, 5995, 5700, 6726, 5653, 5685, 5323, 6905)
(81579, 4, 6364, 5013, 5050, 6448, 5911, 5142)
(109911, 14, 6785, 5218, 5368, 6816, 5806, 6324, 6898, 5641, 6368, 6717, 5844)
(98668, 5, 6959, 6683, 6977, 5340, 6508, 5649, 6669, 6726, 5653, 5685, 6160, 6211)
(81395, 48, 6324, 6597, 5142, 6602, 5995, 5050, 5013, 5080)
(38051, 3, 6703, 5207, 5793, 6493, 6160, 6211, 5303, 6176, 5806, 6816, 5368)
(97588, 47, 5464, 6480, 6224, 6324, 6898, 5233, 5797, 5117, 5793, 5975)
(107376, 29, 6054, 6703, 6318, 6230, 5887, 6741, 6940, 6732, 6176, 5806, 6816, 5368, 5218, 6785, 5039)
(84229, 39, 5455, 5827, 6621, 6467, 5165, 6754, 5975, 5793, 6327)
(77534, 31, 6683, 5450, 5022, 6524, 5519, 6351, 5289, 5465, 5975, 5793, 6327, 6230)
(94435, 12, 6462, 5445, 6364, 5013, 6111, 5700, 6602)
(96713, 31, 5605, 6368, 5641, 6898, 6897, 5683)
(54505, 41, 6230, 6849, 5797, 5233, 6898, 6597, 6852, 6480, 5739)
(97368, 9, 5739, 6480, 6224, 6176, 5303, 5683, 6741, 5887, 6230, 6318, 6703, 6054)
(99934, 26, 6467, 6351, 5844, 5144, 6623, 5649, 5916)
(25270, 8, 5793, 5117, 6642, 6940, 6732, 6541, 5860, 6816, 5368)
(99900, 15, 6634, 5610, 6852, 6224, 5806, 5860, 5956, 5393)
(38304, 37, 5485, 5464, 6578, 5142, 5610, 5588, 5641, 5685, 5323)
(54936, 49, 6696, 5022, 5450, 6683, 6814, 6569, 6865, 5275)
(10266, 45, 5148, 5700, 6669, 5649, 6010, 5022, 5450, 6683)
(73239, 36, 5700, 6669, 5649, 6623, 6601, 5519, 6351, 5165, 5965)
(89273, 49, 6849, 5797, 5233, 5641, 5653, 5067, 5836, 5649, 6010, 6696)
(80965, 33, 5973, 6253, 5911, 5142, 5610, 6634, 5067, 6072, 6601, 6336)
(68217, 26, 5233, 5588, 6634, 5067, 6072, 6623, 6508, 5340, 6977, 6850)
(108242, 2, 5806, 6224, 6480, 5464, 6901, 6448)
(52101, 45, 6901, 6448, 5050, 6111, 6726, 5067, 5605, 6717, 6121, 5289, 6467, 6092, 5895)
(41484, 35, 5836, 5916, 5201, 5013, 5092, 5657, 5973, 6287)
(72251, 7, 5788, 5519, 6601, 6072, 5836, 5916)
(60773, 46, 6160, 5323, 6905, 5289, 6351, 5519, 6524)
(48278, 47, 5080, 5013, 6111, 6669, 5836, 6072, 5144, 5844)
(46401, 18, 5605, 6942, 6530, 5793, 5117, 6642, 6940)
(14316, 14, 5911, 5142, 6597, 6898, 5641, 5685, 5323, 6905)
(37036, 21, 6850, 6977, 5445, 6364, 5013, 6111, 6726, 5653, 5685, 6493)
(106724, 5, 5218, 5739, 6578, 5142, 6597, 6898, 5641, 5685, 6493, 5793, 5207, 6703, 6054)
(70541, 20, 5683, 6211, 5233, 5588, 5148, 5700, 6669, 5916)
(30029, 34, 5845, 5455, 6336, 6601, 6072, 5067, 6634, 5610, 6852, 6224)
(30721, 44, 6959, 6683, 6977, 5445, 5320, 5201, 6111, 5700, 6602, 6578, 5739)
(72867, 5, 5275, 6865, 5367, 5445, 6977, 5450, 5022, 6524, 5519)
(35228, 19, 6364, 5320, 5916, 5649, 6010, 6524, 6336, 5827, 6621, 6092, 5895)
(76540, 20, 5588, 5148, 5995, 6448, 6901, 6399, 6287, 5039)
(10753, 33, 5700, 6726, 5067, 6072, 5144, 6121, 5465)
(26633, 4, 5685, 5653, 5067, 5836, 5916, 5493, 5340, 6462, 6814, 6959)
(13763, 20, 5975, 5793, 5117, 5797, 6211, 6897, 6324, 5806, 6816, 5368, 5218, 6785)
(69949, 15, 6901, 6448, 5050, 5201, 5493, 6294, 6483, 5845, 5455, 5827, 6621)
(36321, 39, 5144, 6717, 6942, 6530, 5793, 5117, 6642, 6940)
(104128, 6, 6230, 6318, 5207, 5975, 6754, 6685, 6092, 6621, 5827, 5455, 5845)
(89188, 12, 5973, 5657, 6676, 5050, 5201, 5916, 5836, 5605)
(56070, 48, 6683, 6977, 5340, 6508, 5649, 5836, 5605, 6942, 5323, 6160, 5797, 6849, 5887, 5311, 5270)
(35910, 38, 5683, 6211, 6160, 5323, 6942, 5605, 5836, 5916, 5320, 5367)
(10905, 47, 6683, 6977, 5445, 6364, 5013, 5050, 5995, 5148, 5588, 5233, 5797, 6642, 6940)
(88048, 26, 5144, 6072, 5836, 6669, 5700, 5995)
(21422, 38, 5965, 5165, 5289, 6121, 6717, 5605, 5836, 5916, 5201, 5013, 5080, 5275)
(77210, 11, 5218, 5739, 6480, 6224, 6324, 6898, 5641, 6368, 6942, 6530, 5207)
(77929, 5, 6160, 6211, 5303, 6541, 5860, 6816, 5368)
(20703, 13, 6602, 5700, 6726, 5653, 5685, 5323, 6530, 5207, 6703)
(11218, 37, 5685, 5653, 6726, 6111, 5050, 6448, 6901)
(11924, 11, 6852, 6597, 6898, 5641, 6368, 6942, 6530, 5207, 6703, 6054)
(12921, 30, 6741, 5683, 6211, 5233, 5641, 6368)
(20447, 25, 6010, 5649, 6669, 6726, 5653, 5685, 6493)
(35915, 40, 6483, 6294, 6508, 6623, 6072, 5605, 6368, 5641, 5233, 6211, 5683, 6741, 5311)
(88053, 13, 5039, 6785, 5218, 5739, 6578, 6602, 5700, 6669, 5649, 6010, 6696)
(86470, 8, 5030, 5965, 6754, 5975, 6530, 5323, 5685)
(12092, 12, 6111, 6726, 5653, 5685, 5323, 6905, 5289, 5165)
(52869, 22, 6901, 6448, 5995, 5148, 5588, 5641, 5685, 5323, 6905)
(82854, 49, 5092, 5657, 6253, 6901, 5464, 6480, 5247, 6816, 5860, 5956)
(72144, 25, 5340, 5493, 5201, 6111, 6726, 5653, 5641)
(51599, 25, 6090, 6940, 6642, 5797, 5233, 5641, 6368, 6717, 5844, 5788, 5827, 5455)
(68439, 12, 6253, 6448, 5995, 5148, 5588, 5641, 5685, 6493, 5793, 5207, 6703, 6054)
(45335, 23, 5605, 5067, 6634, 5148, 5995, 6676, 5657, 6617, 6127, 5663)
(32059, 11, 6176, 6224, 6852, 5142, 6602, 5700, 6111)
(108178, 44, 5965, 6754, 5465, 6121, 5144, 6072, 5836, 5916, 5201, 5050, 6448)
(103360, 25, 6530, 6942, 6368, 5653, 6634, 5610, 5142, 5911, 6253, 6617)
(50336, 11, 6467, 5289, 6121, 5144, 6072, 5836, 6669, 6111, 5013, 5092, 5241, 6998, 6127, 5663)
(11201, 17, 5788, 5519, 6601, 6623, 6508, 5493, 5201, 5050, 6448, 6901, 5485)
(61548, 31, 6754, 5975, 5793, 6493, 6160, 6211, 6897, 6597, 6852, 6480, 5739, 5218, 6785)
(49193, 43, 6683, 6977, 5340, 6508, 6623, 5144, 6717, 6942, 5323, 6160)
(70870, 48, 5092, 5013, 6111, 6669, 5649, 6623, 5144, 6121, 5289)
(51688, 7, 6448, 5911, 6578, 5739, 5368, 6816)
(104563, 45, 6399, 6901, 5911, 6602, 5700, 6726, 5067, 6072, 5144)
(104092, 18, 5030, 5965, 6754, 5465, 6905, 5323, 6160, 5233, 6898, 6324, 6224)
(59393, 30, 6726, 6634, 5610, 6597, 6324, 6176, 6732, 6090)
(85301, 27, 5080, 5092, 6676, 6448, 6901, 5464, 6480, 6224, 5806, 5860, 5956)
(108986, 23, 5013, 6111, 6726, 5653, 5685, 6160, 6211, 5303, 6541)
(16613, 11, 5797, 5233, 5641, 5653, 6726, 6669, 5649)
(39780, 42, 5080, 5092, 5657, 6253, 6901, 5485, 5218, 5368, 6816)
(85272, 19, 5340, 5493, 5201, 6111, 5700, 5148, 5588)
(68543, 20, 6897, 6898, 5641, 5653, 6726, 6669, 5649, 6508, 6294, 5450, 6850, 6344)
(91815, 9, 6850, 6977, 5340, 5493, 5916, 5836, 5067, 6634, 5588, 5233, 5797)
(108962, 36, 6634, 5653, 5685, 6493, 5793, 5975, 6754, 6685)
(53163, 1, 6054, 6576, 5465, 6121, 5144, 6072, 5067, 6634)
(108778, 2, 5207, 6530, 5323, 5685, 5653, 6634, 5610, 6852, 5247)
(95088, 43, 5845, 6483, 5450, 6683, 6814, 6569, 6865, 5275)
(55806, 19, 5605, 6368, 5685, 6160, 6211, 5683, 6741, 5311, 5270)
(97897, 1, 5836, 5067, 5653, 5641, 5233, 6211, 5303, 6732)
(108466, 24, 6072, 5605, 6368, 5685, 6160, 6211, 5683, 6741)
(54196, 47, 5464, 6578, 6602, 5148, 6634, 5653, 5685, 6493, 5793, 5975, 6754)
(96381, 47, 6524, 5519, 5844, 6717, 6368, 5685, 6160, 6211, 5303)
(57520, 38, 5788, 5844, 5144, 6072, 5067, 6726, 5700, 5995, 6448, 6253, 5973, 6287)
(81990, 2, 6898, 5588, 6634, 5067, 6072, 6601, 6524, 5022, 5450)
(78721, 33, 5067, 6072, 6601, 6336, 5455, 5845, 6191)
(35901, 41, 5092, 6364, 5445, 5340, 6508, 6623, 5144, 6121)
(69519, 4, 6224, 6852, 5142, 5911, 6448, 5050, 5013, 6364, 5367)
(84407, 48, 6324, 6597, 5142, 6602, 5995, 6676, 5241, 5275, 6865)
(46173, 26, 6072, 5067, 6726, 5700, 5995, 6448, 6253, 6617)
(70411, 35, 6368, 5653, 6634, 5148, 5995, 6448, 6253)
(53047, 14, 5148, 5700, 6111, 5201, 5320, 5367, 6569, 6814)
(92497, 29, 5142, 6597, 6897, 5683, 6741, 5887, 6230, 6318, 6703, 6054, 5030)
(109341, 24, 5092, 6364, 5445, 5340, 6294, 5022, 6524)
(106546, 21, 6676, 5050, 6111, 6726, 5067, 6072, 5144, 5844, 6351, 6467)
(61024, 48, 5450, 6294, 5493, 5916, 6669, 6726, 5653, 5685, 6493, 5117, 6642, 6741, 5311, 5270)
(106901, 46, 6905, 5323, 5685, 5653, 6726, 6111, 5050, 6448)
(74507, 17, 5657, 6253, 5911, 5142, 6597, 6897, 5303, 6541, 5956)
(80598, 40, 6726, 6111, 5013, 5080, 6865, 6569, 6814)
(34706, 11, 5911, 5142, 5610, 6634, 5067, 5605, 6942, 6530, 5207, 6703)
(65926, 4, 6324, 6597, 5142, 6602, 5700, 6111, 5013, 6364, 5445, 6977, 6683)
(94479, 30, 6785, 5218, 5739, 6480, 6224, 6176, 5303, 5683, 6642, 5117, 5793, 5207, 6703)
(72185, 4, 6318, 6703, 6054, 5965, 5165, 6351, 5519)
(62168, 24, 5247, 6852, 5610, 5588, 5233, 6160, 6493, 5793, 5975, 6754)
(30471, 31, 5303, 6897, 6898, 5641, 5653, 5067, 6072, 6623, 6010, 5022, 5450, 6850)
(27315, 25, 5683, 6897, 6597, 5142, 5911, 6448, 5050, 5201)
(69343, 44, 5485, 5464, 6480, 6224, 6324, 6898)
(100017, 4, 6669, 5700, 5995, 6676, 5657, 5973, 5130)
(61324, 16, 5030, 6054, 6703, 6318, 6230, 6849, 5797, 5233, 5588, 5148)
(90691, 17, 6448, 5911, 6578, 6480, 6224, 5806)
(31955, 5, 5142, 5610, 6634, 5653, 5685, 6493, 6327, 6318, 6703)
(87134, 10, 5368, 6816, 5806, 6176, 5303, 6211, 6160, 5323)
(47766, 31, 5685, 5653, 6726, 6111, 5201, 5493, 6294, 5450, 6683)
(73305, 17, 5683, 6211, 5233, 5588, 5148, 5995, 5050, 5201, 5493, 6294)
(22665, 4, 6462, 5340, 5493, 5916, 6669, 5700, 5148, 5588, 5233, 5797)
(105507, 4, 5975, 5793, 5117, 6642, 6940, 6732, 6541, 5860, 6816, 5368)
(84697, 22, 5844, 5144, 6623, 5649, 6669, 6111, 5050, 6448, 6901)
(51022, 5, 5289, 6121, 6717, 6368, 5653, 6726, 6111, 5050, 6448, 6901)
(97899, 40, 6399, 5464, 6480, 6224, 6324, 6898, 5641, 6368)
(31367, 9, 5649, 6669, 6726, 6634, 5610, 6597, 6897, 5683, 6741)
(78037, 44, 5845, 6696, 6524, 6601, 6072, 5067, 6634, 5588, 6898, 6324)
(93981, 2, 5973, 5657, 5092, 6364, 5320, 5916, 5836, 5605, 6942, 6530, 5207)
(63093, 8, 6336, 6601, 6072, 5067, 5653, 5685, 6493)
(24821, 47, 6253, 5911, 5142, 6597, 6898, 5641, 6368, 6942)
(28294, 44, 5641, 6368, 6717, 5144, 6623, 6508)
(102908, 46, 6368, 5605, 5836, 5649, 6010, 5022)
(66963, 10, 6351, 5844, 5144, 6072, 5836, 6669, 5700, 5995, 6676)
(25601, 2, 5956, 5860, 5806, 6224, 6852, 5142, 6602, 5995, 5050, 5201, 5320)
(34975, 45, 5916, 5836, 5067, 6634, 5610, 6597, 6897, 5683)
(28420, 20, 5649, 5836, 5067, 6634, 5610, 6852, 6224, 6176, 6732)
(26378, 3, 5788, 5844, 5144, 6623, 6508, 5493, 5320, 6364, 5092, 5657, 6617)
(17365, 19, 6462, 5445, 5320, 5201, 5050, 5995, 5148, 5588, 5233)
(48687, 40, 5836, 5916, 5201, 5050, 6676, 5241, 6998, 6127, 5663)
(33661, 22, 5806, 6224, 6852, 5610, 6634, 6726, 6111, 5013)
(68014, 19, 5653, 5067, 6072, 6601, 6524, 5022)
(56408, 46, 5445, 6364, 5092, 6676, 6448, 5911, 6578, 6480, 5247)
(64674, 49, 6576, 5465, 6905, 5323, 5685, 5641)
(75773, 12, 5610, 6634, 5067, 6072, 6623, 6508, 5340, 6462)
(76764, 12, 5393, 5956, 6541, 5303, 6211, 6160, 5323, 6942, 5605, 5836, 5916, 5493, 5340, 6462)
(37215, 44, 5030, 6054, 6576, 5465, 6905, 5323, 6160, 5233, 6898, 6597, 6852, 5247, 5368, 5218)
(35011, 14, 6741, 5683, 6897, 6597, 5610, 6634, 6726, 6669, 5916, 5493, 5340)
(78217, 25, 5450, 6294, 5493, 5916, 5836, 5067, 6634, 5610)
(82024, 21, 5845, 5455, 6336, 5519, 5844, 6717, 6368, 5641)
(50170, 1, 5050, 6111, 6726, 5067, 5605, 6717, 5844)
(24421, 22, 6623, 6072, 5605, 6368, 5641, 5233, 6211, 5303)
(28433, 46, 5022, 6010, 6623, 5144, 6717, 6368, 5641, 6898)
(99523, 46, 5887, 6849, 5117, 5793, 6530, 6942, 5605, 6072, 6601)
(48434, 10, 6785, 5218, 5368, 6816, 5806, 6324, 6897, 5683, 6741, 5887, 6230, 6318, 6703)
(29123, 12, 5117, 5797, 5233, 6898, 6324, 5806, 6816, 5368, 5218)
(67719, 28, 5975, 6530, 6942, 6368, 5641, 6898, 6597, 6852)
(19817, 28, 5130, 6399, 6901, 5911, 6602, 5700)
(83211, 22, 5289, 6905, 6942, 5605, 5067, 6726, 5700, 5995, 6676)
(89938, 48, 6176, 6324, 6898, 5641, 5653, 5067, 6072, 6623, 6010, 6696)
(11853, 7, 6897, 6898, 5588, 5148, 5700, 6669, 5649, 6508)
(16076, 27, 6849, 5797, 6160, 5323, 6905, 6121, 5144, 6601, 6336, 5455)
(29217, 34, 5793, 5975, 5465, 5289, 6351, 5788, 5827, 5455, 5845, 6191, 6344)
(91850, 17, 6448, 5050, 6111, 6669, 5836, 5605, 6942, 6530, 5207)
(101721, 9, 5845, 6696, 6010, 5649, 6669, 6726, 5653)
(46737, 21, 6253, 6448, 5995, 5148, 6634, 5067, 6072, 6601)
(100922, 19, 6541, 6176, 6224, 6480, 6578, 6602, 5995, 5050, 5201, 5493, 6294)
(44611, 43, 5836, 5916, 5201, 5050, 6676, 5657, 5973, 6287)
(23775, 18, 6253, 5911, 5142, 5610, 5588, 5641, 5685, 5323, 6905)
(32367, 4, 5700, 6726, 5653, 6368, 6717, 6121)
(71399, 28, 5895, 6092, 6621, 5788, 5844, 6717, 6368, 5641, 6898, 6597)
(52813, 4, 6634, 5588, 5233, 5797, 6642, 6940)
(49435, 13, 6090, 6940, 6642, 5117, 6493, 5685, 6368, 5605, 6072, 6623, 6508, 6294, 5450, 6683)
(70900, 13, 5700, 6669, 5649, 6010, 6696, 5455, 5827, 6621, 6092)
(33784, 5, 6901, 6448, 5995, 5700, 6726, 5653, 5685, 6493, 6327)
(95497, 1, 5275, 6998, 6127, 5130, 6287, 6785, 5218, 5368, 6816, 5860)
(76422, 4, 6788, 6940, 6642, 5117, 6493, 5685, 5653, 6726, 6111, 5013)
(12787, 15, 6897, 6898, 5588, 5148, 5700, 6111, 5013, 6364, 5367, 6569, 6814, 6959)
(63638, 9, 5201, 5493, 6508, 6623, 5144, 5844, 5788, 6621, 6092, 5895)
(99237, 28, 6351, 5289, 6905, 6530, 5793, 5117, 6849, 5887)
(82492, 17, 5445, 5320, 5201, 6111, 6726, 6634, 5610, 6852, 5247)
(61122, 8, 6324, 6597, 5610, 6634, 6726, 6111, 5201, 5493, 6294, 6483)
(70091, 47, 6717, 6368, 5641, 5588, 5148, 5995, 6676)
(46448, 11, 5641, 5588, 5148, 5995, 6448, 6901)
(99303, 8, 6741, 5683, 6897, 6597, 5610, 6634, 5067, 6072)
(45763, 35, 5887, 6230, 6318, 6703, 6054, 5965, 5165, 6351, 5519, 6524)
(33617, 9, 5092, 6676, 5995, 6602, 6578, 6480, 6224)
(23952, 10, 5218, 5368, 5247, 6224, 6324, 6898, 5641, 5685, 6493, 6327)
(74146, 5, 5610, 6634, 5067, 6072, 5144, 6121, 5465, 6754)
(76989, 15, 6576, 5465, 6905, 6942, 6368, 5641, 6898, 6597, 5142)
(12317, 8, 6717, 5144, 6623, 6010, 6696, 5845, 6191, 6344)
(36354, 5, 5956, 5860, 6816, 5247, 6852, 5610, 6634, 5067, 6072)
(20267, 46, 6816, 5368, 5218, 5485, 6901, 6448, 5050, 5201, 5320, 5445, 6977, 6850, 6344)
(108493, 30, 5657, 5092, 6364, 5320, 5916, 5836, 5605, 6942, 6530, 5207)
(19550, 12, 6462, 5340, 6508, 5649, 5836, 5067, 5653, 5685, 6493, 5117, 6642)
(75451, 37, 5995, 5148, 5588, 5641, 5685, 5323, 6530, 5975, 6754, 6685)
(79863, 40, 6211, 5233, 5588, 5148, 5700, 6669)
(104401, 22, 5973, 5657, 5092, 6364, 5320, 5916, 5836, 5605, 6942)
(72223, 13, 6524, 5519, 6351, 5289, 6905, 5323, 6493, 5117, 6642, 6940)
(106637, 43, 6448, 5995, 5148, 6634, 5653, 6368, 6717, 5844, 5788)
(15313, 47, 5050, 5995, 6602, 6578, 6480, 6224, 6176, 6732)
(95554, 28, 6072, 5605, 6942, 5323, 6160, 5797, 6642, 6940, 6788)
(95833, 34, 6732, 6176, 6324, 6898, 5641, 6368, 6717, 5144)
(24271, 28, 5368, 5247, 6852, 5610, 5588, 5641, 5685, 6493, 5793, 5207, 6703)
(60218, 36, 5519, 6601, 6072, 5836, 6669, 6111, 5050, 6448, 6901)
(56956, 18, 6508, 5649, 6669, 6726, 6634, 5610, 6597)
(39174, 4, 6717, 6368, 5641, 6898, 6324, 6224, 6480, 5464, 6399, 5130)
(81493, 22, 5144, 6072, 5067, 6726, 6111, 5013, 5092, 5657)
(92312, 2, 5393, 6788, 6732, 6176, 6324, 6597, 5610, 5148, 5700, 6669, 5649, 6010)
(28448, 20, 5588, 5233, 6160, 5323, 6530, 5975, 6576, 6054)
(71516, 36, 6399, 6901, 5911, 6602, 5700, 6726, 5067, 6072, 6601, 5519, 5788)
(43923, 11, 6850, 5450, 6294, 6508, 6623, 5144, 6717, 6368, 5641, 6898, 6324, 5806)
(91608, 13, 6898, 5588, 5148, 5700, 6111, 5201, 5493, 5340, 6462, 6814)
(11649, 19, 6211, 6160, 5685, 5653, 5067, 6072, 6623, 6508, 5340, 6462)
(95015, 19, 6849, 5797, 6160, 5323, 6905, 6121, 5144, 6601, 6336, 5455)
(58908, 27, 6905, 5323, 5685, 5653, 6634, 5148, 6602, 6578, 5464, 5485)
(11948, 47, 6010, 5649, 5836, 5605, 6942, 5323, 6493, 5117, 6849, 5887)
(75206, 27, 6072, 5605, 6368, 5641, 6898, 6324, 6176, 6732, 6788)
(87560, 27, 5610, 6634, 5067, 6072, 6601, 5519, 6351, 5165, 5965)
(84596, 43, 6898, 5641, 5653, 5067, 5836, 5916, 5493, 5340, 6462)
(24287, 14, 6344, 6191, 5845, 5455, 5827, 5788, 6351, 5289, 6905, 5323, 6160, 5797, 6642, 6940)
(74966, 13, 6732, 5303, 6211, 5233, 5588, 5148, 5700)
(62777, 43, 6480, 6578, 5911, 6253, 5657, 5092, 6364)
(19408, 19, 5050, 6448, 5911, 6578, 6480, 6224, 5806, 5860, 5956, 5393)
(32329, 18, 6448, 5995, 5148, 5588, 5233, 5797, 6849, 6230, 6318, 6703, 6054)
(98819, 11, 6676, 5995, 5148, 6634, 5067, 6072, 5144, 6121, 5289, 6467, 6092, 5895)
(100374, 6, 6754, 5465, 6905, 6942, 5605, 5067, 6634, 5610, 6852)
(37750, 49, 5275, 5241, 5657, 5973, 6399, 5464, 6480, 6224, 6176, 6732, 6090)
(107476, 49, 6602, 5700, 6669, 5836, 6072, 5144, 6121, 5465, 6576)
(73252, 38, 5450, 6294, 6508, 6623, 6072, 5067, 6634, 5610, 6852, 5247)
(109278, 11, 5911, 5142, 5610, 5588, 5641, 6368, 6717, 5844)
(10200, 43, 6368, 6717, 5144, 6623, 6010, 6696, 5845, 6191)
(91512, 45, 6576, 5465, 6905, 6942, 6368, 5641, 6898, 6324)
(56465, 15, 5144, 6072, 5067, 6634, 5148, 5995, 6676, 5657, 5973)
(48549, 12, 6998, 6617, 5973, 6399, 5485, 5218, 5368, 6816, 5860, 5956)
(88552, 22, 5895, 6685, 5165, 5289, 6905, 5323, 6160, 6211, 6897, 6597, 5142, 5911, 6253)
(65556, 47, 6524, 6601, 5144, 6717, 6942, 5323, 6160, 6211, 5303)
(81310, 13, 5827, 5455, 6696, 5022, 6294, 5493, 5201, 5050, 6676, 5241)
(21323, 47, 5797, 6160, 5323, 6942, 6717, 5144, 6623, 6010, 5022, 6483, 6191)
(101525, 9, 5320, 5201, 6111, 5700, 5148, 5588, 6898, 6324, 6176)
(73663, 22, 6344, 6191, 6483, 5022, 6010, 5649, 6669, 6726, 5653, 5685, 6493, 6327)
(51968, 42, 6623, 6072, 5605, 6368, 5685, 6493, 6327, 6230, 5887, 5311)
(34748, 17, 5450, 5022, 6524, 6601, 6072, 5067, 6634)
(51130, 20, 6754, 5975, 5793, 6493, 6160, 5233, 6898, 6324, 5806, 6816, 5368)
(30864, 33, 5465, 6905, 6942, 5605, 5067, 6634, 5148, 6602)
(91921, 32, 5649, 6669, 6726, 6634, 5588, 5233)
(44520, 21, 5485, 6901, 6448, 5050, 6111, 6669, 5649, 6623, 5144, 6121)
(90507, 43, 6852, 5610, 5588, 5233, 5797, 5117, 6327)
(10834, 17, 6569, 6462, 5340, 6508, 6010, 6696)
(80641, 43, 6364, 5092, 5657, 6253, 6901, 5464, 5739, 5368, 6816, 5860)
(81488, 38, 5653, 5685, 6160, 6211, 5683, 6940, 6788)
(59569, 33, 6977, 5445, 5320, 5916, 5836, 5067, 6634, 5588, 6898)
(41975, 5, 5218, 5739, 6480, 6224, 6176, 6732, 6940, 6642, 5117)
(56301, 1, 5956, 6541, 6176, 6224, 6852, 5142, 6602, 5995, 6676)
(54773, 10, 6849, 5117, 6493, 5323, 6942, 5605, 5836, 5649, 6010, 6696, 5845, 6191)
(67468, 43, 5806, 6224, 6852, 5610, 5148, 5995, 5050, 5013, 6364, 5367, 6569, 6814, 6959)
(20285, 49, 5323, 6160, 5233, 5588, 5610, 5142, 5911, 6901, 6399, 6287)
(12831, 35, 6703, 6054, 5965, 5165, 6467, 6621)
(16020, 21, 6865, 5080, 5013, 6111, 5700, 5148, 5610, 6852, 5247)
(19477, 46, 6010, 5649, 5836, 5605, 6942, 5323, 6160)
(75090, 46, 5465, 6121, 6717, 5605, 5067, 6634, 5610)
(16454, 46, 6940, 5683, 6211, 5233, 5641, 6368, 6717, 5144, 6601)
(101190, 25, 6696, 6010, 5649, 6669, 5700, 6602, 5911, 6253, 5973, 5130)
(58744, 35, 6816, 5860, 5956, 5393, 5270, 5311, 5887, 6230, 6318)
(28859, 27, 6364, 5013, 5050, 6448, 6901, 5464, 5739, 5368, 6816, 5860, 5956)
(14857, 41, 6621, 5788, 5519, 6524, 5022, 5450, 6683, 6814, 6569, 6865, 5275, 6998)
(49790, 24, 6741, 5683, 6211, 5233, 5641, 5653, 6726, 6111, 5201, 5493, 6294)
(28827, 29, 5050, 6111, 6669, 5836, 5605, 6717)
(48243, 39, 6754, 5975, 5793, 6493, 6160, 6211, 6897, 6597, 5142, 5911, 6253, 6617)
(66214, 36, 6850, 6977, 5340, 6508, 6623, 6072, 5067, 6634)
(44395, 13, 5067, 6072, 6601, 6524, 6696, 5845, 6191)
(12976, 47, 5130, 6399, 5464, 6480, 6852, 5610, 6634, 5067)
(78192, 25, 5340, 6508, 5649, 6669, 6726, 5653, 5641, 5233)
(12593, 39, 6364, 5092, 5657, 6253, 5911, 5142, 6597)
(54723, 25, 5844, 6717, 5605, 5836, 5916, 5320, 6364, 5092, 5657, 5973, 6287)
(83010, 37, 5911, 6602, 5700, 6669, 5649, 6010, 6524, 5519, 6351, 6467)
(49281, 28, 6726, 5653, 5685, 6160, 6211, 5683, 6940)
(42437, 1, 5445, 5340, 6508, 6623, 6601, 5519, 6351, 5165, 6685)
(41825, 23, 5653, 6726, 6669, 5916, 5320, 5445, 6462, 6814)
(25918, 17, 6483, 5022, 6010, 6623, 5144, 6121, 6905, 5323, 6493, 6327)
(80996, 41, 6176, 6224, 6852, 5610, 5148, 5700, 6111, 5013)
(57526, 4, 6601, 6623, 6508, 5340, 5445, 6364, 5092, 5657)
(61512, 23, 5311, 6741, 6642, 5797, 6160, 5685, 5653, 5067)
(24047, 28, 5455, 5827, 5788, 6351, 5289, 6905, 5323, 6160, 6211)
(10943, 39, 5340, 5493, 5201, 5050, 5995, 5148)
(36612, 45, 5233, 5641, 5653, 5067, 6072, 6601, 6524)
(90895, 3, 6351, 5519, 6524, 6010, 5649, 5916, 5201, 5050, 6448, 6253)
(99433, 10, 6351, 5289, 5465, 5975, 5207, 6318, 6230, 5887, 5311, 5270)
(88683, 2, 5117, 5797, 5233, 5588, 5610, 6852)
(99153, 46, 6901, 5911, 6602, 5700, 6669, 5836, 5605, 6942)
(103459, 10, 6850, 6977, 5445, 5320, 5916, 5836)
(64957, 38, 5860, 5806, 6224, 6852, 5142, 5911, 6253, 5657)
(106426, 36, 6942, 5605, 5067, 6634, 5148, 6602, 5911, 6253, 6617)
(95958, 24, 5247, 6224, 6176, 5303, 6211, 5797, 6849)
(22132, 24, 5367, 5320, 5201, 6111, 5700, 6602, 6578, 5739)
(47421, 6, 6905, 6942, 6368, 5653, 6634, 5148, 6602, 6578)
(43152, 20, 6368, 6717, 6121, 5465, 6576, 6054, 5030)
(24307, 33, 5117, 5793, 6530, 6942, 5605, 5836, 5916, 5493, 5340, 6462)
(107238, 24, 6111, 5050, 6676, 5657, 6617, 6127)
(105289, 16, 6211, 6160, 5685, 5653, 5067, 5836)
(44917, 24, 6785, 5485, 6901, 6448, 5050, 6111, 6726, 5653)
(19348, 17, 5916, 6669, 6726, 6634, 5610, 6852, 6224, 6176, 6732, 6090)
(65730, 16, 5022, 6524, 6601, 6072, 5067, 6634, 5588, 5233)
(44635, 13, 5844, 6717, 6368, 5653, 6726, 5700, 5995, 6676)
(71167, 40, 5610, 6634, 5067, 5836, 5916, 5320, 5367)
(84607, 31, 5323, 6942, 5605, 6072, 6601, 6524, 5022, 6483)
(27583, 47, 5080, 6364, 5445, 5340, 6294, 5022, 6696, 5455, 5827, 6621, 6092)
(90809, 42, 6634, 5148, 5995, 6676, 5657, 5973)
(58397, 32, 5887, 6230, 6318, 5207, 6530, 6942, 5605, 5836, 5916, 5320)
(56916, 2, 6623, 6072, 5605, 6368, 5685, 6160, 6211, 5683, 6741)
(63002, 36, 6508, 5649, 6669, 6726, 6634, 5610, 6597, 6897)
(84614, 11, 6224, 6480, 5464, 6399, 5130, 6127, 6998, 5275, 6865, 6569)
(39625, 42, 6696, 6524, 5519, 6351, 5165, 6754, 5975, 5793, 5117, 6642)
(25772, 28, 6942, 5605, 5836, 5649, 6010, 6696)
(16717, 33, 6669, 6111, 5013, 5080, 5275, 6998)
(51804, 11, 5247, 6480, 6578, 5911, 6253, 5657, 5092)
(90479, 30, 6127, 6617, 6253, 5911, 6602, 5700, 6669, 5649, 6010)
(67515, 19, 5845, 6696, 6010, 5649, 6669, 5700, 5148, 5610, 6852, 6224, 5806)
(93376, 25, 5218, 5485, 6399, 5973, 5657, 5241)
(23413, 42, 5519, 6601, 6623, 6508, 5493, 5201, 5013, 5092, 5657, 6617)
(31302, 5, 6576, 5465, 6905, 5323, 6160, 6211, 5303, 6176, 6224, 6480, 5464, 6399, 5130)
(45153, 25, 6816, 5368, 5218, 6785, 5039, 5663, 6127, 6998, 5275, 6865)
(75156, 47, 5320, 5201, 5050, 6448, 6901, 5464, 5739, 5368, 6816)
(13683, 26, 6850, 6977, 5340, 5493, 5916, 5836, 5605, 6942)
(16382, 6, 5144, 6623, 6508, 5340, 5445, 6364, 5092, 5657, 5973)
(57290, 31, 5323, 6905, 6121, 5144, 6623, 6010, 6696)
(71570, 16, 5367, 5320, 5916, 6669, 5700, 5148, 5588, 6898, 6324, 6176, 6541, 5956)
(42071, 15, 5148, 5588, 5641, 5685, 5323, 6905, 5465, 6576, 6054, 5030)
(64377, 35, 5445, 5320, 5201, 6111, 6726, 6634, 5588, 5233, 5797)
(34617, 18, 5233, 5588, 5148, 6602, 5911, 6901, 6399, 6287)
(104436, 37, 6849, 5117, 5793, 6530, 6905, 5289, 6351, 5519, 6524, 5022)
(41197, 2, 6399, 6901, 6448, 5050, 5201, 5916, 5836, 6072, 6601)
(60052, 14, 5117, 6642, 5683, 5303, 6541, 5860, 6816, 5368, 5218)
(57944, 15, 5165, 6351, 5519, 6524, 6010, 6508, 5493, 5320, 6364, 5092, 5657)
(23206, 1, 6623, 5649, 5916, 5201, 5050, 6448, 6901, 6399, 6287)
(89843, 45, 5845, 6191, 6344, 6959, 6814, 6569, 6865)
(84864, 40, 5653, 5067, 5836, 5649, 6010, 5022, 5450, 6683)
(61372, 44, 6998, 5275, 5080, 5013, 5201, 5916)
(54996, 9, 5323, 6942, 5605, 5836, 5649, 6010, 5022)
(91203, 18, 6127, 6617, 5657, 6676, 5050, 6111, 6669, 5649)
(15418, 33, 5367, 6364, 5013, 5050, 6448, 5911, 5142, 6852, 6224, 5806)
(90605, 47, 5270, 5311, 5887, 6849, 5797, 5233, 5641, 5653, 6726, 6111, 5201)
(62626, 14, 6176, 6224, 6852, 5142, 6602, 5995, 5050, 5201, 5493, 6294, 6483)
(38199, 38, 5657, 6676, 5050, 6111, 6669, 5649, 6623, 5144, 6121, 5465, 6576)
(14767, 30, 6597, 6898, 5233, 6160, 5323, 6530, 5975, 6754, 5965, 5030)
(30517, 4, 5465, 6905, 6942, 5605, 5067, 6634, 5610, 5142, 6578)
(70602, 1, 5788, 5844, 6121, 5465, 5975, 5793, 6327)
(23358, 10, 6717, 5605, 5067, 6726, 6111, 5013, 5092, 5241)
(12221, 2, 6318, 6327, 6493, 5685, 5641, 6898)
(62954, 47, 5845, 6191, 6850, 6977, 5445, 6364, 5080, 5275, 6998)
(41480, 27, 6601, 5144, 6717, 6942, 6530, 5207, 6318, 6230)
(41357, 22, 6597, 5610, 5148, 5700, 6669, 5649, 6010, 6696, 5845, 6191, 6344)
(52584, 15, 5827, 5455, 5845, 6191, 6850, 6977, 5445, 6364, 5092, 5657, 5973, 6287)
(79747, 36, 5653, 6368, 6942, 6530, 5207, 6703, 6054, 5030)
(41606, 49, 5207, 6530, 5323, 6160, 6211, 6897, 6597, 6852, 5247)
(10077, 31, 5117, 5793, 5975, 5465, 6121, 5844, 5519, 6336, 5455, 5845, 6191)
(38773, 10, 5201, 5050, 5995, 5148, 5610, 6597, 6897, 5303, 6732, 6788, 5393)
(60362, 39, 6399, 5464, 6578, 6602, 5148, 6634, 5653, 6368, 6717)
(62379, 44, 6717, 6368, 5653, 6634, 5148, 5995, 6676)
(31166, 28, 6253, 6448, 5995, 5148, 5588, 5641, 6368, 6717)
(51066, 40, 6092, 6467, 5289, 6121, 6717, 5605, 5067, 6726, 5700, 6602)
(83288, 10, 5641, 6898, 6897, 5683, 6940, 6090)
(92069, 39, 6685, 6754, 5465, 6121, 6717, 5605)
(57970, 21, 5973, 5657, 5092, 6364, 5320, 5916, 5836, 6072, 5144, 5844, 6351, 5165, 5965)
(55638, 20, 6121, 5144, 6623, 5649, 6669, 5700, 6602, 6578, 5739)
(28405, 24, 6977, 5445, 5320, 5916, 6669, 6726, 5653, 5685, 6493, 6327)
(81267, 26, 5683, 6897, 6597, 5610, 6634, 5067, 6072, 6601, 6336)
(32203, 26, 5965, 5165, 6351, 5844, 5144, 6623, 5649, 6669, 5700, 6602, 6578, 5739)
(29651, 16, 5956, 6541, 5303, 6211, 6160, 5685, 6368, 6717, 5844, 5519, 6524, 5022)
(67563, 40, 6901, 6448, 5050, 6111, 6726, 5067, 6072, 5144, 6121, 5465)
(49659, 6, 5788, 5519, 6524, 6010, 6508, 5493)
(95886, 24, 5895, 6685, 5165, 6351, 5844, 5144, 6623, 6508, 5493, 5320, 5367, 6865, 5275, 6998, 6127)
(78894, 8, 6816, 5806, 6176, 5303, 6211, 5797, 5117, 5793, 5975, 6754, 6685)
(26448, 19, 6399, 6901, 5911, 6602, 5148, 6634, 5067, 5605, 6717, 5844)
(14778, 43, 5130, 6399, 6901, 6448, 5995, 5700, 6726, 5653, 6368)
(68594, 5, 5860, 5806, 6224, 6480, 5464, 6901, 6448, 5050, 5013, 5080, 6865, 6569, 6814)
(25455, 27, 5080, 5013, 5050, 6448, 6901, 5464, 6480, 6224, 6176, 6732, 6090)
(89051, 40, 5965, 5165, 6351, 5519, 6601, 6072, 5067, 6634, 5148, 5995, 6448, 6253, 6617, 6127)
(27779, 4, 6211, 6160, 5323, 6942, 5605, 5836, 5916, 5320)
(31500, 3, 5887, 6849, 5797, 6160, 5323, 6905, 6121, 5144, 6623, 6508, 5340)
(101325, 20, 6294, 5493, 5916, 5836, 5067, 6634, 5588, 5233, 5797)
(102710, 2, 6696, 6010, 5649, 5836, 5067, 5653, 5685, 6493, 6327)
(68824, 30, 6901, 5911, 6602, 5148, 6634, 5653, 5685)
(59538, 12, 5610, 5148, 5700, 6669, 5916, 5320, 5367)
(87640, 28, 6294, 6508, 6623, 6072, 5067, 5653, 5685, 6160, 6211)
(36229, 41, 6072, 5067, 6634, 5610, 6852, 6480, 5464, 6399)
(41748, 44, 6467, 6351, 5519, 6524, 6010, 5649, 6669, 5700, 5995, 6676, 5657)
(101230, 11, 5117, 5793, 5975, 5465, 6121, 5144, 6623, 6508, 5340, 6462)
(102799, 15, 5148, 5588, 6898, 6897, 5303, 6541)
(17057, 19, 5806, 6324, 6898, 5641, 6368, 5605, 5836, 5916, 5320, 5367)
(108439, 49, 6726, 6669, 5916, 5320, 5445, 6977)
(44366, 11, 6942, 6368, 5641, 6898, 6597, 5142, 5911, 6253)
(89850, 37, 6901, 5911, 5142, 6597, 6897, 6211, 5797, 5117, 5793, 5975)
(42136, 38, 5860, 6816, 5368, 5739, 6578, 6602, 5700, 6669, 5649)
(18616, 45, 5207, 6530, 5323, 6160, 5233, 5588, 5148, 5995, 6676, 5657)
(15474, 45, 5911, 6602, 5700, 6669, 5836, 5605, 6717, 6121)
(26685, 14, 6072, 5067, 6726, 5700, 5995, 6676)
(30125, 41, 5289, 6905, 6942, 6368, 5641, 5588, 5148, 5995, 6676)
(40256, 12, 5050, 6111, 6726, 5067, 5605, 6717, 5844)
(29400, 19, 5995, 5700, 6669, 5836, 5605, 6942, 6530, 5975, 6754, 6685)