#(id,from,to,speed,planTime)
(10000, 8, 32, 2, 4)
(10001, 9, 29, 4, 4)
(10002, 9, 32, 4, 6)
(10003, 8, 35, 6, 3)
(10004, 4, 23, 2, 1)
(10005, 2, 35, 4, 3)
(10006, 4, 29, 4, 1)
(10007, 32, 6, 6, 3)
(10008, 26, 1, 2, 4)
(10009, 4, 29, 6, 4)
(10010, 27, 4, 2, 6)
(10011, 10, 31, 2, 5)
(10012, 13, 33, 4, 3)
(10013, 1, 29, 4, 1)
(10014, 24, 1, 2, 2)
(10015, 7, 25, 2, 6)
(10016, 28, 7, 4, 4)
(10017, 23, 4, 4, 5)
(10018, 13, 32, 2, 5)
(10019, 7, 29, 6, 6)
(10020, 11, 30, 6, 6)
(10021, 13, 31, 2, 2)
(10022, 8, 29, 4, 6)
(10023, 1, 25, 2, 4)
(10024, 28, 4, 6, 3)
(10025, 22, 3, 4, 3)
(10026, 22, 1, 6, 1)
(10027, 7, 34, 2, 6)
(10028, 34, 15, 2, 6)
(10029, 13, 35, 6, 1)
(10030, 4, 27, 4, 1)
(10031, 15, 35, 2, 5)
(10032, 16, 36, 4, 1)
(10033, 25, 2, 2, 3)
(10034, 29, 2, 6, 6)
(10035, 15, 33, 2, 2)
(10036, 25, 4, 4, 3)
(10037, 29, 9, 6, 4)
(10038, 12, 31, 4, 3)
(10039, 32, 8, 4, 6)
(10040, 10, 32, 4, 2)
(10041, 12, 36, 4, 5)
(10042, 31, 10, 2, 1)
(10043, 33, 12, 4, 5)
(10044, 23, 2, 2, 1)
(10045, 35, 10, 4, 5)
(10046, 16, 34, 4, 4)
(10047, 9, 32, 2, 3)
(10048, 16, 34, 2, 6)
(10049, 10, 36, 6, 5)
(10050, 16, 36, 6, 5)
(10051, 14, 33, 6, 5)
(10052, 35, 8, 4, 4)
(10053, 2, 30, 6, 3)
(10054, 27, 7, 4, 4)
(10055, 2, 23, 2, 1)
(10056, 3, 24, 2, 5)
(10057, 28, 10, 4, 2)
(10058, 27, 8, 2, 2)
(10059, 13, 33, 4, 2)
(10060, 36, 4, 4, 6)
(10061, 18, 36, 2, 4)
(10062, 5, 25, 2, 2)
(10063, 22, 4, 4, 6)
(10064, 11, 30, 4, 2)
(10065, 1, 31, 2, 6)
(10066, 34, 12, 4, 5)
(10067, 12, 30, 2, 1)
(10068, 18, 36, 4, 6)
(10069, 30, 6, 2, 3)
(10070, 27, 2, 6, 6)
(10071, 16, 36, 2, 5)
(10072, 34, 10, 6, 3)
(10073, 21, 2, 6, 1)
(10074, 36, 1, 6, 6)
(10075, 20, 2, 6, 4)
(10076, 14, 34, 6, 1)
(10077, 8, 28, 6, 2)
(10078, 35, 4, 4, 5)
(10079, 6, 36, 6, 5)
(10080, 26, 1, 2, 6)
(10081, 15, 33, 6, 3)
(10082, 3, 25, 4, 6)
(10083, 5, 27, 4, 6)
(10084, 9, 31, 6, 5)
(10085, 33, 1, 4, 6)
(10086, 24, 6, 4, 2)
(10087, 36, 16, 6, 6)
(10088, 36, 5, 2, 3)
(10089, 35, 16, 6, 4)
(10090, 19, 1, 6, 3)
(10091, 12, 34, 2, 3)
(10092, 12, 33, 6, 2)
(10093, 35, 14, 2, 4)
(10094, 35, 15, 2, 5)
(10095, 28, 5, 4, 6)
(10096, 7, 25, 2, 2)
(10097, 20, 2, 6, 5)
(10098, 7, 31, 2, 1)
(10099, 32, 6, 6, 3)
(10100, 25, 5, 2, 5)
(10101, 9, 33, 2, 5)
(10102, 30, 9, 2, 5)
(10103, 32, 6, 6, 1)
(10104, 14, 34, 6, 6)
(10105, 34, 7, 4, 6)
(10106, 9, 34, 2, 5)
(10107, 16, 35, 2, 5)
(10108, 3, 36, 6, 5)
(10109, 26, 6, 6, 1)
(10110, 31, 6, 2, 6)
(10111, 19, 1, 4, 1)
(10112, 6, 27, 2, 1)
(10113, 32, 10, 6, 6)
(10114, 22, 1, 6, 2)
(10115, 35, 17, 6, 3)
(10116, 21, 2, 6, 5)
(10117, 17, 36, 6, 1)
(10118, 27, 9, 4, 3)
(10119, 11, 33, 4, 5)
(10120, 10, 30, 6, 5)
(10121, 33, 9, 4, 5)
(10122, 9, 28, 4, 3)
(10123, 36, 14, 2, 5)
(10124, 18, 36, 4, 3)
(10125, 27, 2, 4, 5)
(10126, 30, 12, 2, 3)
(10127, 22, 1, 6, 2)
(10128, 17, 36, 6, 5)
(10129, 12, 31, 4, 3)
(10130, 29, 4, 6, 4)
(10131, 11, 35, 4, 4)
(10132, 14, 32, 2, 3)
(10133, 15, 35, 2, 1)
(10134, 9, 34, 4, 1)
(10135, 33, 10, 2, 6)
(10136, 36, 6, 4, 4)
(10137, 19, 1, 2, 3)
(10138, 2, 26, 2, 2)
(10139, 6, 25, 2, 6)
(10140, 18, 36, 6, 5)
(10141, 21, 2, 6, 3)
(10142, 25, 3, 4, 5)
(10143, 12, 35, 2, 2)
(10144, 33, 7, 2, 2)
(10145, 16, 35, 2, 3)
(10146, 34, 11, 2, 5)
(10147, 11, 35, 4, 2)
(10148, 22, 4, 6, 2)
(10149, 15, 33, 6, 6)
(10150, 20, 1, 6, 2)
(10151, 11, 33, 6, 5)
(10152, 16, 34, 6, 2)
(10153, 11, 31, 6, 6)
(10154, 7, 25, 6, 3)
(10155, 32, 8, 6, 2)
(10156, 33, 6, 2, 2)
(10157, 30, 9, 2, 4)
(10158, 26, 6, 6, 6)
(10159, 13, 33, 4, 1)
(10160, 27, 7, 6, 5)
(10161, 7, 28, 6, 3)
(10162, 18, 36, 4, 4)
(10163, 35, 10, 4, 3)
(10164, 5, 28, 4, 4)
(10165, 12, 35, 6, 3)
(10166, 23, 5, 2, 5)
(10167, 36, 4, 6, 1)
(10168, 8, 31, 4, 3)
(10169, 13, 33, 4, 4)
(10170, 10, 29, 6, 5)
(10171, 3, 26, 4, 3)
(10172, 15, 33, 4, 6)
(10173, 13, 35, 2, 2)
(10174, 22, 3, 6, 3)
(10175, 10, 32, 4, 5)
(10176, 28, 6, 2, 5)
(10177, 8, 28, 6, 6)
(10178, 31, 12, 2, 4)
(10179, 18, 36, 4, 6)
(10180, 21, 1, 4, 2)
(10181, 35, 5, 6, 6)
(10182, 31, 2, 2, 2)
(10183, 34, 8, 2, 4)
(10184, 27, 7, 4, 2)
(10185, 18, 36, 6, 4)
(10186, 13, 36, 6, 1)
(10187, 33, 15, 4, 1)
(10188, 22, 2, 6, 1)
(10189, 14, 34, 2, 2)
(10190, 2, 24, 6, 4)
(10191, 35, 12, 2, 3)
(10192, 30, 1, 6, 1)
(10193, 28, 10, 4, 3)
(10194, 30, 12, 4, 5)
(10195, 32, 1, 2, 4)
(10196, 17, 35, 6, 1)
(10197, 12, 34, 2, 6)
(10198, 8, 27, 6, 4)
(10199, 10, 35, 2, 6)
(10200, 23, 1, 6, 5)
(10201, 20, 2, 6, 1)
(10202, 26, 8, 6, 5)
(10203, 1, 24, 4, 1)
(10204, 3, 21, 2, 3)
(10205, 32, 14, 2, 3)
(10206, 31, 12, 2, 4)
(10207, 36, 4, 6, 1)
(10208, 26, 8, 2, 6)
(10209, 3, 31, 6, 4)
(10210, 7, 34, 2, 3)
(10211, 28, 6, 4, 3)
(10212, 5, 24, 2, 4)
(10213, 1, 33, 4, 1)
(10214, 24, 2, 6, 5)
(10215, 5, 32, 4, 6)
(10216, 6, 26, 6, 2)
(10217, 11, 31, 6, 1)
(10218, 29, 7, 6, 5)
(10219, 6, 31, 4, 1)
(10220, 11, 36, 4, 5)
(10221, 32, 7, 6, 5)
(10222, 1, 30, 4, 5)
(10223, 30, 3, 4, 2)
(10224, 27, 9, 6, 4)
(10225, 14, 33, 4, 6)
(10226, 14, 32, 2, 5)
(10227, 9, 35, 2, 3)
(10228, 32, 5, 6, 2)
(10229, 32, 1, 2, 1)
(10230, 14, 33, 2, 5)
(10231, 19, 1, 2, 5)
(10232, 29, 6, 6, 4)
(10233, 31, 7, 6, 1)
(10234, 4, 24, 4, 2)
(10235, 14, 33, 4, 5)
(10236, 21, 1, 6, 3)
(10237, 29, 8, 4, 5)
(10238, 5, 23, 6, 6)
(10239, 12, 30, 6, 3)
(10240, 1, 23, 4, 5)
(10241, 4, 32, 6, 3)
(10242, 19, 1, 2, 6)
(10243, 14, 33, 4, 5)
(10244, 11, 32, 4, 5)
(10245, 32, 4, 4, 3)
(10246, 17, 35, 6, 4)
(10247, 30, 10, 6, 4)
(10248, 4, 27, 2, 4)
(10249, 10, 30, 2, 6)
(10250, 31, 12, 4, 2)
(10251, 30, 9, 6, 2)
(10252, 10, 36, 6, 6)
(10253, 36, 14, 2, 3)
(10254, 34, 13, 6, 2)
(10255, 17, 35, 6, 2)
(10256, 21, 2, 2, 6)
(10257, 21, 1, 6, 5)
(10258, 26, 3, 4, 1)
(10259, 19, 1, 4, 1)
(10260, 31, 10, 6, 3)
(10261, 12, 31, 6, 4)
(10262, 12, 35, 4, 2)
(10263, 28, 7, 6, 4)
(10264, 36, 4, 4, 4)
(10265, 16, 36, 6, 1)
(10266, 13, 32, 4, 3)
(10267, 33, 9, 6, 2)
(10268, 4, 34, 4, 2)
(10269, 24, 4, 2, 2)
(10270, 25, 2, 6, 2)
(10271, 9, 32, 2, 3)
(10272, 32, 7, 4, 5)
(10273, 19, 1, 2, 3)
(10274, 33, 13, 6, 1)
(10275, 33, 3, 6, 5)
(10276, 9, 27, 2, 6)
(10277, 3, 24, 2, 5)
(10278, 17, 36, 4, 5)
(10279, 28, 9, 6, 6)
(10280, 16, 35, 6, 5)
(10281, 11, 29, 2, 2)
(10282, 30, 6, 2, 5)
(10283, 13, 32, 4, 3)
(10284, 1, 21, 6, 4)
(10285, 36, 18, 2, 4)
(10286, 26, 8, 2, 1)
(10287, 23, 5, 6, 4)
(10288, 1, 30, 6, 1)
(10289, 16, 36, 2, 5)
(10290, 2, 35, 6, 5)
(10291, 8, 33, 2, 4)
(10292, 36, 9, 4, 3)
(10293, 16, 35, 2, 4)
(10294, 18, 36, 6, 5)
(10295, 27, 6, 4, 1)
(10296, 25, 4, 2, 6)
(10297, 32, 11, 2, 3)
(10298, 36, 6, 2, 5)
(10299, 31, 3, 4, 4)
(10300, 15, 36, 4, 6)
(10301, 31, 7, 6, 6)
(10302, 27, 5, 2, 2)
(10303, 23, 3, 4, 1)
(10304, 22, 4, 4, 6)
(10305, 4, 31, 6, 5)
(10306, 29, 6, 2, 2)
(10307, 29, 4, 4, 1)
(10308, 24, 1, 4, 4)
(10309, 3, 27, 6, 5)
(10310, 14, 32, 4, 2)
(10311, 10, 28, 4, 1)
(10312, 17, 36, 6, 3)
(10313, 26, 6, 6, 1)
(10314, 28, 3, 6, 2)
(10315, 28, 1, 2, 6)
(10316, 16, 36, 2, 2)
(10317, 35, 3, 2, 1)
(10318, 31, 4, 6, 2)
(10319, 26, 6, 2, 6)
(10320, 27, 5, 2, 3)
(10321, 26, 8, 4, 4)
(10322, 3, 26, 4, 1)
(10323, 23, 1, 4, 1)
(10324, 1, 36, 2, 6)
(10325, 33, 7, 4, 1)
(10326, 33, 6, 4, 3)
(10327, 33, 1, 2, 1)
(10328, 26, 5, 6, 3)
(10329, 3, 30, 2, 5)
(10330, 7, 35, 2, 4)
(10331, 4, 34, 4, 4)
(10332, 27, 3, 2, 2)
(10333, 17, 36, 4, 2)
(10334, 12, 30, 4, 4)
(10335, 28, 7, 6, 5)
(10336, 8, 27, 2, 1)
(10337, 36, 18, 4, 4)
(10338, 12, 33, 2, 2)
(10339, 35, 14, 6, 6)
(10340, 36, 1, 4, 1)
(10341, 16, 34, 6, 1)
(10342, 30, 5, 2, 4)
(10343, 13, 34, 4, 4)
(10344, 11, 36, 6, 6)
(10345, 3, 35, 2, 3)
(10346, 3, 34, 6, 4)
(10347, 3, 30, 6, 1)
(10348, 20, 2, 6, 4)
(10349, 24, 2, 4, 4)
(10350, 2, 32, 4, 1)
(10351, 13, 33, 2, 2)
(10352, 25, 5, 2, 5)
(10353, 12, 32, 6, 1)
(10354, 34, 10, 2, 2)
(10355, 36, 16, 4, 3)
(10356, 26, 3, 2, 1)
(10357, 3, 30, 6, 1)
(10358, 27, 7, 4, 5)
(10359, 3, 31, 6, 3)
(10360, 25, 5, 2, 1)
(10361, 8, 35, 4, 2)
(10362, 28, 4, 4, 2)
(10363, 30, 5, 2, 1)
(10364, 9, 27, 2, 3)
(10365, 21, 2, 4, 1)
(10366, 19, 1, 2, 1)
(10367, 1, 35, 2, 3)
(10368, 14, 33, 2, 6)
(10369, 2, 23, 4, 4)
(10370, 8, 35, 6, 6)
(10371, 4, 36, 2, 2)
(10372, 4, 27, 2, 1)
(10373, 10, 33, 4, 6)
(10374, 21, 3, 2, 2)
(10375, 5, 27, 6, 4)
(10376, 14, 32, 2, 6)
(10377, 19, 1, 6, 4)
(10378, 5, 27, 2, 3)
(10379, 23, 5, 6, 1)
(10380, 11, 35, 2, 5)
(10381, 10, 35, 4, 6)
(10382, 31, 1, 2, 1)
(10383, 2, 31, 6, 2)
(10384, 14, 33, 4, 3)
(10385, 4, 30, 2, 2)
(10386, 9, 29, 4, 6)
(10387, 26, 4, 4, 6)
(10388, 19, 1, 2, 3)
(10389, 33, 15, 4, 6)
(10390, 7, 35, 6, 6)
(10391, 7, 30, 6, 1)
(10392, 15, 33, 6, 2)
(10393, 16, 36, 6, 6)
(10394, 18, 36, 4, 5)
(10395, 11, 36, 6, 5)
(10396, 2, 32, 4, 5)
(10397, 13, 36, 6, 3)
(10398, 23, 4, 4, 3)
(10399, 19, 1, 6, 5)
(10400, 14, 32, 6, 6)
(10401, 35, 15, 4, 2)
(10402, 5, 31, 4, 6)
(10403, 24, 5, 6, 2)
(10404, 23, 3, 2, 1)
(10405, 36, 11, 6, 3)
(10406, 30, 12, 4, 4)
(10407, 33, 10, 2, 6)
(10408, 27, 3, 6, 1)
(10409, 36, 3, 2, 2)
(10410, 26, 5, 4, 3)
(10411, 6, 32, 6, 6)
(10412, 2, 33, 6, 1)
(10413, 17, 36, 6, 3)
(10414, 8, 27, 4, 4)
(10415, 22, 4, 4, 1)
(10416, 35, 14, 6, 5)
(10417, 33, 3, 2, 3)
(10418, 28, 1, 4, 2)
(10419, 26, 4, 2, 1)
(10420, 5, 31, 6, 5)
(10421, 1, 21, 4, 5)
(10422, 9, 32, 4, 5)
(10423, 8, 28, 4, 4)
(10424, 1, 35, 4, 6)
(10425, 3, 36, 2, 5)
(10426, 9, 32, 4, 6)
(10427, 7, 30, 2, 2)
(10428, 30, 11, 2, 3)
(10429, 36, 14, 6, 2)
(10430, 1, 25, 6, 4)
(10431, 16, 35, 6, 2)
(10432, 9, 27, 2, 6)
(10433, 22, 2, 4, 2)
(10434, 36, 9, 4, 3)
(10435, 29, 7, 2, 1)
(10436, 31, 8, 6, 1)
(10437, 13, 33, 2, 1)
(10438, 20, 1, 4, 5)
(10439, 35, 6, 2, 2)
(10440, 13, 36, 2, 2)
(10441, 19, 1, 4, 6)
(10442, 16, 34, 4, 5)
(10443, 26, 7, 2, 6)
(10444, 28, 5, 4, 4)
(10445, 8, 32, 2, 4)
(10446, 29, 8, 2, 6)
(10447, 20, 1, 4, 1)
(10448, 32, 9, 2, 6)
(10449, 5, 35, 4, 5)
(10450, 14, 35, 6, 4)
(10451, 32, 13, 2, 4)
(10452, 9, 31, 2, 1)
(10453, 29, 7, 2, 6)
(10454, 31, 2, 2, 5)
(10455, 8, 29, 2, 3)
(10456, 29, 8, 2, 4)
(10457, 3, 22, 4, 4)
(10458, 24, 3, 6, 3)
(10459, 35, 5, 6, 3)
(10460, 15, 34, 4, 3)
(10461, 36, 6, 6, 2)
(10462, 20, 2, 4, 1)
(10463, 19, 1, 2, 4)
(10464, 27, 9, 2, 4)
(10465, 13, 31, 2, 3)
(10466, 11, 30, 4, 6)
(10467, 21, 2, 2, 2)
(10468, 10, 34, 6, 6)
(10469, 12, 34, 6, 5)
(10470, 22, 3, 2, 6)
(10471, 25, 1, 2, 6)
(10472, 24, 2, 6, 4)
(10473, 20, 2, 2, 6)
(10474, 21, 1, 6, 6)
(10475, 30, 2, 2, 2)
(10476, 13, 36, 2, 3)
(10477, 12, 32, 6, 3)
(10478, 11, 29, 4, 2)
(10479, 28, 1, 6, 3)
(10480, 29, 6, 4, 1)
(10481, 20, 2, 4, 2)
(10482, 22, 2, 6, 4)
(10483, 10, 30, 6, 4)
(10484, 30, 2, 6, 3)
(10485, 5, 27, 4, 6)
(10486, 35, 6, 2, 1)
(10487, 10, 35, 6, 3)
(10488, 31, 1, 4, 4)
(10489, 28, 1, 2, 4)
(10490, 29, 11, 6, 2)
(10491, 2, 31, 2, 3)
(10492, 10, 28, 4, 1)
(10493, 1, 24, 4, 2)
(10494, 5, 33, 4, 2)
(10495, 13, 33, 4, 1)
(10496, 12, 36, 2, 4)
(10497, 26, 7, 6, 3)
(10498, 10, 28, 6, 6)
(10499, 6, 35, 2, 4)
(10500, 6, 31, 2, 2)
(10501, 24, 6, 4, 2)
(10502, 16, 35, 2, 4)
(10503, 2, 32, 6, 1)
(10504, 6, 28, 6, 3)
(10505, 4, 32, 4, 1)
(10506, 31, 5, 6, 2)
(10507, 22, 2, 6, 1)
(10508, 17, 35, 2, 4)
(10509, 13, 35, 2, 5)
(10510, 25, 3, 2, 3)
(10511, 6, 27, 4, 6)
(10512, 9, 36, 2, 6)
(10513, 20, 1, 6, 4)
(10514, 17, 35, 6, 1)
(10515, 20, 1, 2, 1)
(10516, 2, 36, 4, 4)
(10517, 31, 12, 2, 2)
(10518, 15, 34, 2, 2)
(10519, 31, 6, 6, 5)
(10520, 24, 1, 4, 3)
(10521, 23, 5, 4, 1)
(10522, 21, 2, 4, 2)
(10523, 4, 29, 6, 4)
(10524, 28, 2, 4, 4)
(10525, 30, 8, 4, 4)
(10526, 16, 34, 4, 4)
(10527, 33, 6, 6, 6)
(10528, 16, 35, 6, 1)
(10529, 16, 34, 4, 6)
(10530, 25, 6, 4, 5)
(10531, 19, 1, 4, 5)
(10532, 20, 2, 4, 3)
(10533, 2, 25, 4, 1)
(10534, 19, 1, 2, 6)
(10535, 17, 36, 4, 2)
(10536, 13, 33, 6, 5)
(10537, 29, 7, 2, 5)
(10538, 19, 1, 2, 1)
(10539, 2, 23, 6, 5)
(10540, 6, 33, 6, 3)
(10541, 27, 7, 6, 1)
(10542, 35, 11, 4, 5)
(10543, 26, 5, 4, 3)
(10544, 18, 36, 4, 6)
(10545, 29, 3, 6, 2)
(10546, 21, 2, 4, 4)
(10547, 23, 5, 4, 1)
(10548, 1, 35, 6, 6)
(10549, 26, 6, 6, 3)
(10550, 8, 35, 4, 5)
(10551, 22, 4, 6, 2)
(10552, 2, 27, 6, 6)
(10553, 25, 2, 2, 3)
(10554, 25, 2, 4, 1)
(10555, 4, 30, 6, 3)
(10556, 11, 30, 2, 5)
(10557, 7, 36, 6, 3)
(10558, 14, 32, 2, 4)
(10559, 12, 33, 4, 5)
(10560, 4, 34, 4, 1)
(10561, 28, 6, 4, 6)
(10562, 23, 3, 2, 2)
(10563, 13, 34, 6, 5)
(10564, 32, 14, 2, 5)
(10565, 26, 2, 4, 6)
(10566, 15, 36, 6, 6)
(10567, 9, 31, 4, 3)
(10568, 34, 6, 4, 2)
(10569, 4, 32, 6, 6)
(10570, 28, 4, 6, 1)
(10571, 12, 31, 6, 1)
(10572, 13, 32, 4, 2)
(10573, 17, 36, 4, 5)
(10574, 28, 2, 2, 4)
(10575, 31, 10, 2, 6)
(10576, 25, 4, 4, 2)
(10577, 19, 1, 6, 1)
(10578, 36, 8, 6, 5)
(10579, 16, 35, 2, 4)
(10580, 29, 2, 2, 3)
(10581, 17, 36, 4, 5)
(10582, 18, 36, 4, 4)
(10583, 36, 14, 4, 6)
(10584, 20, 2, 2, 6)
(10585, 27, 1, 6, 1)
(10586, 27, 5, 4, 1)
(10587, 31, 1, 4, 1)
(10588, 3, 31, 6, 6)
(10589, 22, 4, 2, 3)
(10590, 2, 28, 4, 3)
(10591, 17, 36, 2, 3)
(10592, 19, 1, 6, 6)
(10593, 2, 21, 2, 4)
(10594, 14, 35, 2, 4)
(10595, 18, 36, 4, 6)
(10596, 11, 34, 6, 5)
(10597, 18, 36, 2, 3)
(10598, 13, 32, 4, 1)
(10599, 3, 24, 6, 5)
(10600, 12, 32, 4, 2)
(10601, 25, 1, 2, 4)
(10602, 1, 31, 6, 1)
(10603, 15, 35, 6, 6)
(10604, 6, 29, 6, 6)
(10605, 32, 6, 6, 1)
(10606, 9, 30, 2, 2)
(10607, 11, 36, 6, 2)
(10608, 10, 35, 2, 5)
(10609, 26, 3, 6, 2)
(10610, 24, 1, 4, 2)
(10611, 19, 1, 6, 2)
(10612, 10, 35, 2, 4)
(10613, 16, 34, 2, 4)
(10614, 29, 5, 4, 2)
(10615, 9, 29, 4, 5)
(10616, 12, 33, 2, 2)
(10617, 20, 1, 6, 6)
(10618, 35, 1, 6, 6)
(10619, 10, 28, 6, 6)
(10620, 8, 33, 4, 6)
(10621, 31, 13, 4, 1)
(10622, 3, 23, 2, 3)
(10623, 12, 31, 4, 4)
(10624, 34, 8, 6, 1)
(10625, 8, 32, 6, 2)
(10626, 11, 29, 4, 3)
(10627, 30, 9, 6, 1)
(10628, 5, 27, 4, 1)
(10629, 9, 36, 6, 5)
(10630, 25, 6, 4, 4)
(10631, 8, 31, 6, 6)
(10632, 7, 26, 6, 6)
(10633, 1, 34, 2, 6)
(10634, 17, 35, 6, 5)
(10635, 17, 36, 2, 1)
(10636, 8, 30, 4, 6)
(10637, 16, 34, 4, 3)
(10638, 27, 2, 2, 6)
(10639, 21, 1, 2, 6)
(10640, 10, 29, 6, 1)
(10641, 28, 7, 2, 3)
(10642, 34, 2, 4, 2)
(10643, 5, 34, 4, 6)
(10644, 23, 4, 4, 4)
(10645, 31, 12, 2, 5)
(10646, 33, 6, 6, 4)
(10647, 5, 30, 4, 6)
(10648, 26, 6, 6, 6)
(10649, 1, 21, 2, 1)
(10650, 10, 35, 2, 1)
(10651, 13, 35, 2, 4)
(10652, 5, 28, 6, 5)
(10653, 5, 31, 2, 2)
(10654, 20, 1, 2, 4)
(10655, 30, 1, 6, 2)
(10656, 26, 8, 4, 1)
(10657, 12, 35, 4, 5)
(10658, 12, 32, 2, 5)
(10659, 5, 34, 6, 1)
(10660, 27, 1, 6, 2)
(10661, 35, 13, 6, 4)
(10662, 24, 1, 4, 6)
(10663, 18, 36, 6, 2)
(10664, 4, 28, 2, 2)
(10665, 9, 30, 2, 6)
(10666, 15, 36, 4, 2)
(10667, 22, 2, 2, 5)
(10668, 11, 31, 4, 3)
(10669, 35, 5, 6, 6)
(10670, 2, 22, 2, 3)
(10671, 2, 36, 6, 4)
(10672, 8, 31, 6, 4)
(10673, 14, 35, 4, 2)
(10674, 31, 9, 6, 1)
(10675, 16, 35, 4, 1)
(10676, 15, 36, 6, 3)
(10677, 17, 36, 4, 6)
(10678, 10, 30, 4, 4)
(10679, 3, 26, 4, 4)
(10680, 4, 28, 6, 5)
(10681, 10, 29, 6, 1)
(10682, 29, 9, 4, 1)
(10683, 3, 30, 2, 6)
(10684, 30, 1, 6, 5)
(10685, 7, 35, 6, 4)
(10686, 23, 4, 2, 6)
(10687, 23, 4, 4, 6)
(10688, 5, 23, 6, 5)
(10689, 1, 19, 2, 4)
(10690, 31, 12, 2, 4)
(10691, 28, 3, 4, 4)
(10692, 22, 3, 6, 6)
(10693, 29, 6, 4, 4)
(10694, 3, 21, 2, 4)
(10695, 36, 8, 2, 4)
(10696, 18, 36, 2, 3)
(10697, 27, 6, 6, 1)
(10698, 30, 11, 4, 6)
(10699, 8, 34, 2, 5)
(10700, 14, 32, 6, 5)
(10701, 8, 34, 4, 4)
(10702, 1, 22, 6, 2)
(10703, 31, 2, 6, 5)
(10704, 20, 2, 6, 1)
(10705, 14, 33, 4, 3)
(10706, 30, 4, 4, 2)
(10707, 24, 2, 2, 3)
(10708, 16, 34, 6, 4)
(10709, 2, 21, 4, 1)
(10710, 29, 2, 2, 4)
(10711, 11, 30, 4, 2)
(10712, 16, 34, 6, 6)
(10713, 19, 1, 6, 6)
(10714, 22, 4, 4, 4)
(10715, 35, 8, 4, 2)
(10716, 30, 7, 6, 1)
(10717, 30, 12, 2, 4)
(10718, 3, 22, 4, 5)
(10719, 10, 29, 6, 6)
(10720, 36, 4, 2, 4)
(10721, 26, 5, 6, 5)
(10722, 36, 6, 2, 1)
(10723, 14, 35, 4, 1)
(10724, 30, 1, 2, 3)
(10725, 15, 33, 4, 6)
(10726, 8, 31, 6, 6)
(10727, 31, 9, 4, 2)
(10728, 2, 36, 6, 3)
(10729, 2, 25, 2, 2)
(10730, 25, 4, 2, 6)
(10731, 18, 36, 4, 2)
(10732, 4, 29, 2, 2)
(10733, 35, 5, 6, 5)
(10734, 7, 36, 6, 1)
(10735, 21, 2, 2, 6)
(10736, 2, 29, 2, 3)
(10737, 2, 20, 4, 2)
(10738, 28, 9, 6, 6)
(10739, 17, 36, 2, 5)
(10740, 26, 1, 6, 3)
(10741, 9, 27, 2, 5)
(10742, 16, 35, 2, 6)
(10743, 18, 36, 4, 4)
(10744, 14, 36, 2, 2)
(10745, 7, 30, 2, 3)
(10746, 29, 8, 2, 3)
(10747, 7, 34, 2, 1)
(10748, 7, 33, 2, 2)
(10749, 8, 32, 4, 4)
(10750, 23, 2, 2, 2)
(10751, 11, 31, 6, 5)
(10752, 1, 34, 4, 1)
(10753, 13, 35, 6, 2)
(10754, 10, 36, 4, 5)
(10755, 22, 2, 6, 4)
(10756, 3, 32, 6, 5)
(10757, 20, 2, 2, 5)
(10758, 36, 7, 2, 4)
(10759, 10, 36, 2, 6)
(10760, 18, 36, 6, 2)
(10761, 8, 27, 4, 1)
(10762, 35, 17, 2, 6)
(10763, 4, 36, 6, 5)
(10764, 4, 36, 6, 6)
(10765, 23, 5, 2, 6)
(10766, 8, 33, 4, 5)
(10767, 19, 1, 6, 4)
(10768, 20, 2, 6, 5)
(10769, 7, 31, 6, 5)
(10770, 10, 32, 2, 6)
(10771, 36, 4, 2, 2)
(10772, 8, 26, 6, 3)
(10773, 14, 33, 6, 5)
(10774, 10, 33, 2, 2)
(10775, 1, 28, 4, 6)
(10776, 9, 30, 6, 2)
(10777, 21, 1, 4, 6)
(10778, 16, 34, 6, 6)
(10779, 27, 6, 6, 5)
(10780, 7, 26, 6, 6)
(10781, 18, 36, 6, 1)
(10782, 32, 10, 2, 3)
(10783, 16, 35, 6, 5)
(10784, 29, 5, 2, 4)
(10785, 17, 35, 6, 1)
(10786, 18, 36, 6, 4)
(10787, 6, 26, 6, 5)
(10788, 27, 9, 4, 4)
(10789, 8, 26, 6, 4)
(10790, 23, 4, 2, 4)
(10791, 26, 5, 4, 1)
(10792, 10, 29, 4, 4)
(10793, 18, 36, 6, 5)
(10794, 36, 9, 2, 3)
(10795, 9, 32, 6, 3)
(10796, 35, 1, 4, 1)
(10797, 15, 35, 2, 3)
(10798, 18, 36, 2, 2)
(10799, 15, 33, 4, 3)
(10800, 25, 6, 4, 3)
(10801, 30, 8, 6, 4)
(10802, 28, 2, 6, 2)
(10803, 23, 3, 4, 5)
(10804, 26, 5, 6, 1)
(10805, 25, 7, 4, 6)
(10806, 27, 3, 6, 6)
(10807, 32, 10, 2, 3)
(10808, 33, 1, 4, 6)
(10809, 23, 2, 6, 3)
(10810, 8, 33, 2, 4)
(10811, 26, 7, 6, 5)
(10812, 32, 9, 6, 3)
(10813, 15, 36, 4, 5)
(10814, 5, 34, 6, 6)
(10815, 2, 31, 2, 5)
(10816, 1, 30, 6, 4)
(10817, 36, 11, 4, 5)
(10818, 7, 31, 6, 5)
(10819, 1, 26, 4, 2)
(10820, 7, 35, 4, 4)
(10821, 24, 3, 4, 2)
(10822, 36, 3, 2, 4)
(10823, 32, 4, 2, 2)
(10824, 22, 4, 6, 2)
(10825, 29, 2, 4, 1)
(10826, 6, 34, 4, 2)
(10827, 16, 34, 6, 2)
(10828, 28, 3, 2, 6)
(10829, 3, 32, 6, 5)
(10830, 14, 34, 2, 5)
(10831, 6, 27, 4, 4)
(10832, 31, 6, 4, 1)
(10833, 15, 36, 4, 2)
(10834, 34, 12, 2, 2)
(10835, 28, 8, 6, 5)
(10836, 3, 24, 6, 2)
(10837, 16, 36, 6, 1)
(10838, 1, 35, 2, 5)
(10839, 36, 17, 2, 5)
(10840, 18, 36, 2, 2)
(10841, 16, 34, 2, 3)
(10842, 7, 31, 2, 5)
(10843, 3, 25, 6, 1)
(10844, 28, 6, 6, 3)
(10845, 21, 2, 4, 5)
(10846, 11, 36, 6, 3)
(10847, 1, 25, 6, 3)
(10848, 7, 34, 6, 5)
(10849, 25, 1, 6, 2)
(10850, 11, 30, 6, 1)
(10851, 10, 32, 4, 6)
(10852, 27, 2, 4, 2)
(10853, 22, 4, 4, 2)
(10854, 20, 2, 6, 4)
(10855, 12, 34, 2, 3)
(10856, 10, 31, 6, 2)
(10857, 10, 35, 6, 6)
(10858, 9, 29, 2, 5)
(10859, 6, 24, 6, 1)
(10860, 21, 2, 2, 2)
(10861, 16, 36, 4, 4)
(10862, 3, 34, 2, 5)
(10863, 25, 1, 2, 2)
(10864, 8, 33, 6, 3)
(10865, 35, 7, 2, 3)
(10866, 24, 5, 6, 4)
(10867, 7, 30, 4, 4)
(10868, 16, 36, 4, 4)
(10869, 15, 34, 6, 4)
(10870, 32, 14, 4, 6)
(10871, 8, 28, 4, 3)
(10872, 16, 36, 6, 2)
(10873, 22, 2, 4, 4)
(10874, 22, 3, 6, 5)
(10875, 14, 36, 4, 4)
(10876, 19, 1, 2, 4)
(10877, 26, 1, 4, 6)
(10878, 6, 32, 6, 4)
(10879, 16, 35, 2, 5)
(10880, 17, 35, 4, 5)
(10881, 8, 34, 2, 5)
(10882, 6, 33, 2, 1)
(10883, 21, 2, 4, 4)
(10884, 3, 27, 4, 3)
(10885, 31, 11, 2, 4)
(10886, 35, 9, 2, 1)
(10887, 36, 12, 6, 2)
(10888, 27, 5, 4, 4)
(10889, 23, 1, 4, 2)
(10890, 15, 34, 6, 1)
(10891, 19, 1, 4, 6)
(10892, 22, 2, 4, 5)
(10893, 34, 3, 6, 3)
(10894, 26, 7, 6, 2)
(10895, 27, 9, 6, 4)
(10896, 1, 19, 2, 5)
(10897, 21, 3, 6, 6)
(10898, 8, 35, 4, 5)
(10899, 2, 20, 6, 2)
(10900, 10, 32, 6, 2)
(10901, 21, 3, 4, 3)
(10902, 30, 5, 6, 5)
(10903, 1, 29, 6, 2)
(10904, 7, 32, 2, 4)
(10905, 11, 32, 2, 1)
(10906, 5, 26, 6, 4)
(10907, 21, 2, 2, 4)
(10908, 33, 10, 4, 1)
(10909, 23, 2, 4, 6)
(10910, 31, 3, 4, 5)
(10911, 1, 36, 2, 5)
(10912, 34, 1, 6, 1)
(10913, 20, 1, 2, 5)
(10914, 20, 2, 4, 1)
(10915, 5, 28, 2, 1)
(10916, 8, 29, 6, 5)
(10917, 10, 30, 2, 2)
(10918, 5, 27, 2, 2)
(10919, 22, 1, 2, 5)
(10920, 5, 32, 6, 2)
(10921, 31, 4, 4, 1)
(10922, 11, 32, 6, 6)
(10923, 5, 31, 2, 3)
(10924, 30, 5, 2, 3)
(10925, 15, 35, 2, 4)
(10926, 36, 18, 6, 2)
(10927, 25, 5, 2, 2)
(10928, 33, 8, 4, 1)
(10929, 2, 32, 6, 2)
(10930, 21, 1, 4, 6)
(10931, 19, 1, 2, 4)
(10932, 22, 4, 4, 2)
(10933, 25, 3, 2, 6)
(10934, 21, 3, 6, 1)
(10935, 20, 2, 6, 4)
(10936, 3, 22, 2, 5)
(10937, 26, 7, 6, 6)
(10938, 20, 2, 4, 1)
(10939, 32, 10, 4, 1)
(10940, 16, 35, 2, 6)
(10941, 14, 34, 2, 3)
(10942, 21, 1, 6, 6)
(10943, 4, 28, 6, 5)
(10944, 22, 2, 4, 5)
(10945, 22, 1, 6, 6)
(10946, 1, 35, 2, 6)
(10947, 21, 2, 6, 6)
(10948, 18, 36, 6, 5)
(10949, 24, 6, 2, 1)
(10950, 29, 10, 2, 1)
(10951, 32, 9, 2, 2)
(10952, 21, 1, 2, 4)
(10953, 31, 1, 6, 4)
(10954, 16, 34, 4, 1)
(10955, 10, 29, 4, 4)
(10956, 19, 1, 2, 6)
(10957, 6, 31, 4, 1)
(10958, 35, 17, 2, 1)
(10959, 3, 31, 4, 3)
(10960, 34, 15, 4, 4)
(10961, 29, 5, 6, 3)
(10962, 1, 19, 4, 6)
(10963, 27, 1, 6, 5)
(10964, 2, 32, 4, 4)
(10965, 15, 35, 2, 5)
(10966, 5, 31, 2, 4)
(10967, 4, 23, 6, 3)
(10968, 34, 5, 2, 3)
(10969, 33, 7, 4, 3)
(10970, 35, 13, 2, 4)
(10971, 11, 35, 6, 3)
(10972, 29, 6, 6, 6)
(10973, 29, 11, 2, 4)
(10974, 4, 24, 2, 6)
(10975, 26, 5, 2, 2)
(10976, 28, 6, 4, 6)
(10977, 10, 28, 4, 1)
(10978, 31, 6, 4, 4)
(10979, 36, 18, 4, 2)
(10980, 16, 36, 6, 5)
(10981, 1, 26, 2, 1)
(10982, 36, 16, 4, 6)
(10983, 3, 32, 2, 6)
(10984, 19, 1, 2, 1)
(10985, 4, 33, 6, 4)
(10986, 36, 1, 4, 1)
(10987, 30, 11, 4, 3)
(10988, 10, 29, 2, 4)
(10989, 10, 35, 6, 3)
(10990, 26, 5, 2, 6)
(10991, 26, 6, 2, 2)
(10992, 12, 36, 6, 3)
(10993, 28, 1, 6, 5)
(10994, 1, 36, 6, 2)
(10995, 20, 1, 4, 1)
(10996, 11, 33, 6, 4)
(10997, 8, 30, 2, 4)
(10998, 22, 2, 4, 3)
(10999, 12, 31, 6, 1)
(11000, 10, 32, 6, 2)
(11001, 33, 11, 6, 6)
(11002, 24, 6, 4, 3)
(11003, 1, 32, 6, 2)
(11004, 18, 36, 2, 6)
(11005, 10, 33, 4, 2)
(11006, 15, 33, 2, 2)
(11007, 13, 31, 6, 1)
(11008, 16, 36, 4, 3)
(11009, 14, 34, 4, 1)
(11010, 8, 36, 2, 4)
(11011, 24, 6, 2, 4)
(11012, 32, 9, 2, 5)
(11013, 16, 35, 6, 4)
(11014, 3, 22, 2, 6)
(11015, 10, 33, 6, 6)
(11016, 35, 16, 4, 4)
(11017, 35, 9, 6, 4)
(11018, 34, 5, 4, 2)
(11019, 11, 30, 4, 6)
(11020, 16, 34, 2, 4)
(11021, 34, 2, 2, 1)
(11022, 3, 35, 6, 5)
(11023, 10, 28, 4, 2)
(11024, 13, 31, 4, 3)
(11025, 27, 8, 6, 4)
(11026, 1, 30, 2, 4)
(11027, 15, 33, 4, 5)
(11028, 7, 36, 4, 1)
(11029, 23, 4, 4, 2)
(11030, 14, 36, 6, 2)
(11031, 34, 15, 4, 2)
(11032, 19, 1, 6, 1)
(11033, 26, 1, 2, 2)
(11034, 8, 36, 4, 4)
(11035, 3, 27, 2, 2)
(11036, 20, 1, 4, 6)
(11037, 15, 33, 6, 1)
(11038, 13, 31, 6, 4)
(11039, 14, 35, 4, 4)
(11040, 3, 30, 6, 2)
(11041, 10, 34, 6, 5)
(11042, 12, 36, 6, 6)
(11043, 12, 35, 2, 6)
(11044, 1, 28, 6, 2)
(11045, 36, 16, 2, 4)
(11046, 33, 11, 4, 6)
(11047, 12, 36, 4, 6)
(11048, 33, 6, 2, 1)
(11049, 4, 22, 6, 4)
(11050, 28, 1, 2, 6)
(11051, 20, 1, 6, 2)
(11052, 21, 3, 4, 2)
(11053, 14, 33, 2, 4)
(11054, 32, 14, 4, 1)
(11055, 35, 4, 4, 2)
(11056, 26, 4, 2, 1)
(11057, 30, 11, 6, 2)
(11058, 19, 1, 6, 1)
(11059, 34, 15, 6, 2)
(11060, 13, 35, 6, 1)
(11061, 28, 6, 6, 5)
(11062, 16, 34, 2, 2)
(11063, 24, 5, 2, 5)
(11064, 34, 13, 4, 4)
(11065, 19, 1, 4, 1)
(11066, 14, 35, 4, 3)
(11067, 27, 7, 4, 6)
(11068, 19, 1, 4, 5)
(11069, 2, 27, 2, 4)
(11070, 32, 6, 4, 5)
(11071, 8, 34, 6, 6)
(11072, 14, 34, 4, 5)
(11073, 31, 10, 2, 4)
(11074, 33, 1, 6, 4)
(11075, 36, 16, 4, 5)
(11076, 11, 32, 6, 2)
(11077, 17, 35, 4, 1)
(11078, 34, 7, 4, 3)
(11079, 27, 7, 4, 1)
(11080, 30, 2, 6, 1)
(11081, 21, 2, 6, 2)
(11082, 21, 3, 6, 6)
(11083, 4, 26, 4, 4)
(11084, 29, 6, 6, 6)
(11085, 33, 3, 4, 3)
(11086, 31, 8, 6, 5)
(11087, 27, 3, 2, 1)
(11088, 15, 36, 2, 4)
(11089, 33, 6, 6, 5)
(11090, 34, 2, 2, 2)
(11091, 23, 2, 6, 3)
(11092, 9, 27, 2, 3)
(11093, 18, 36, 4, 1)
(11094, 4, 34, 2, 5)
(11095, 16, 35, 2, 2)
(11096, 5, 23, 2, 5)
(11097, 7, 36, 6, 3)
(11098, 29, 6, 6, 5)
(11099, 31, 13, 4, 5)
(11100, 33, 11, 6, 6)
(11101, 24, 6, 2, 2)
(11102, 33, 7, 2, 6)
(11103, 28, 6, 6, 3)
(11104, 8, 26, 6, 6)
(11105, 28, 9, 4, 5)
(11106, 30, 2, 4, 1)
(11107, 33, 4, 2, 1)
(11108, 35, 14, 2, 2)
(11109, 16, 34, 6, 2)
(11110, 24, 1, 2, 3)
(11111, 20, 1, 6, 5)
(11112, 11, 32, 4, 2)
(11113, 27, 5, 2, 1)
(11114, 22, 1, 6, 6)
(11115, 12, 32, 4, 6)
(11116, 8, 27, 2, 3)
(11117, 20, 1, 6, 2)
(11118, 26, 7, 2, 5)
(11119, 12, 36, 2, 4)
(11120, 34, 8, 4, 2)
(11121, 26, 3, 6, 4)
(11122, 19, 1, 4, 5)
(11123, 16, 34, 4, 1)
(11124, 27, 2, 4, 6)
(11125, 18, 36, 2, 5)
(11126, 17, 36, 4, 3)
(11127, 23, 1, 4, 1)
(11128, 14, 32, 2, 1)
(11129, 19, 1, 2, 5)
(11130, 12, 31, 6, 3)
(11131, 27, 1, 6, 2)
(11132, 21, 2, 6, 3)
(11133, 21, 1, 6, 4)
(11134, 33, 14, 6, 3)
(11135, 8, 26, 4, 2)
(11136, 34, 5, 6, 3)
(11137, 1, 29, 4, 4)
(11138, 23, 2, 6, 1)
(11139, 28, 1, 6, 5)
(11140, 25, 7, 6, 6)
(11141, 29, 1, 4, 5)
(11142, 28, 3, 4, 5)
(11143, 16, 36, 4, 6)
(11144, 10, 30, 4, 6)
(11145, 15, 34, 2, 1)
(11146, 2, 28, 6, 4)
(11147, 5, 29, 2, 5)
(11148, 8, 32, 2, 3)
(11149, 33, 7, 2, 4)
(11150, 4, 34, 6, 2)
(11151, 31, 13, 4, 5)
(11152, 20, 2, 6, 4)
(11153, 16, 34, 2, 5)
(11154, 12, 36, 6, 4)
(11155, 31, 13, 2, 4)
(11156, 17, 35, 4, 4)
(11157, 12, 33, 4, 4)
(11158, 9, 31, 6, 3)
(11159, 3, 21, 2, 6)
(11160, 5, 36, 6, 6)
(11161, 32, 12, 4, 3)
(11162, 3, 21, 2, 6)
(11163, 8, 30, 6, 6)
(11164, 5, 26, 2, 6)
(11165, 31, 12, 6, 5)
(11166, 21, 1, 6, 6)
(11167, 1, 24, 6, 5)
(11168, 16, 36, 4, 6)
(11169, 17, 35, 6, 3)
(11170, 6, 29, 4, 5)
(11171, 29, 7, 4, 1)
(11172, 14, 32, 6, 5)
(11173, 21, 2, 2, 2)
(11174, 13, 35, 2, 4)
(11175, 24, 5, 6, 1)
(11176, 7, 25, 6, 2)
(11177, 36, 1, 2, 5)
(11178, 16, 36, 2, 2)
(11179, 3, 21, 2, 1)
(11180, 4, 27, 4, 6)
(11181, 4, 32, 4, 4)
(11182, 25, 7, 2, 5)
(11183, 30, 10, 4, 1)
(11184, 7, 34, 4, 5)
(11185, 7, 34, 2, 4)
(11186, 22, 3, 2, 3)
(11187, 20, 1, 2, 1)
(11188, 2, 30, 4, 1)
(11189, 7, 28, 4, 2)
(11190, 31, 12, 2, 4)
(11191, 1, 31, 4, 6)
(11192, 21, 2, 6, 2)
(11193, 1, 19, 6, 3)
(11194, 5, 27, 2, 5)
(11195, 28, 1, 2, 6)
(11196, 11, 36, 6, 6)
(11197, 11, 31, 2, 1)
(11198, 11, 34, 2, 1)
(11199, 17, 36, 6, 1)
(11200, 12, 36, 4, 4)
(11201, 23, 3, 4, 1)
(11202, 10, 29, 4, 4)
(11203, 14, 35, 2, 2)
(11204, 26, 5, 2, 3)
(11205, 17, 36, 6, 4)
(11206, 3, 32, 6, 1)
(11207, 5, 28, 6, 3)
(11208, 30, 7, 6, 2)
(11209, 1, 36, 6, 1)
(11210, 6, 30, 4, 2)
(11211, 27, 4, 4, 6)
(11212, 21, 1, 2, 3)
(11213, 17, 36, 4, 2)
(11214, 7, 28, 6, 2)
(11215, 28, 7, 4, 5)
(11216, 12, 36, 4, 4)
(11217, 28, 8, 4, 1)
(11218, 8, 28, 2, 6)
(11219, 28, 5, 2, 4)
(11220, 35, 12, 4, 6)
(11221, 14, 36, 2, 4)
(11222, 7, 28, 2, 5)
(11223, 18, 36, 2, 1)
(11224, 34, 13, 2, 4)
(11225, 20, 1, 2, 5)
(11226, 36, 1, 2, 5)
(11227, 32, 5, 4, 5)
(11228, 18, 36, 4, 6)
(11229, 14, 34, 4, 3)
(11230, 24, 3, 2, 5)
(11231, 17, 36, 6, 2)
(11232, 10, 29, 4, 1)
(11233, 31, 4, 2, 6)
(11234, 12, 35, 4, 1)
(11235, 31, 5, 6, 3)
(11236, 23, 5, 4, 2)
(11237, 15, 35, 6, 3)
(11238, 19, 1, 6, 6)
(11239, 25, 5, 2, 3)
(11240, 22, 1, 6, 5)
(11241, 12, 32, 4, 3)
(11242, 12, 35, 6, 5)
(11243, 3, 26, 6, 6)
(11244, 18, 36, 6, 4)
(11245, 14, 32, 2, 3)
(11246, 24, 2, 2, 1)
(11247, 3, 27, 6, 2)
(11248, 35, 17, 2, 3)
(11249, 11, 30, 6, 5)
(11250, 17, 36, 2, 4)
(11251, 3, 35, 6, 1)
(11252, 11, 33, 6, 2)
(11253, 2, 27, 6, 2)
(11254, 1, 27, 2, 1)
(11255, 2, 21, 6, 1)
(11256, 9, 35, 6, 3)
(11257, 3, 33, 6, 4)
(11258, 15, 36, 2, 2)
(11259, 34, 7, 4, 2)
(11260, 8, 29, 4, 1)
(11261, 31, 5, 2, 6)
(11262, 4, 35, 6, 3)
(11263, 33, 11, 2, 2)
(11264, 25, 2, 4, 1)
(11265, 16, 34, 4, 4)
(11266, 35, 4, 2, 1)
(11267, 17, 35, 6, 1)
(11268, 36, 13, 6, 5)
(11269, 16, 36, 6, 5)
(11270, 16, 36, 6, 3)
(11271, 27, 2, 4, 1)
(11272, 31, 9, 4, 4)
(11273, 36, 16, 6, 3)
(11274, 6, 32, 2, 4)
(11275, 25, 3, 4, 3)
(11276, 16, 36, 2, 1)
(11277, 15, 34, 2, 3)
(11278, 23, 3, 2, 1)
(11279, 30, 1, 4, 2)
(11280, 17, 36, 6, 4)
(11281, 29, 3, 4, 2)
(11282, 36, 5, 4, 6)
(11283, 11, 31, 6, 4)
(11284, 4, 24, 6, 4)
(11285, 30, 3, 4, 2)
(11286, 26, 5, 6, 5)
(11287, 35, 9, 2, 3)
(11288, 24, 5, 4, 3)
(11289, 17, 36, 4, 2)
(11290, 24, 6, 6, 6)
(11291, 36, 1, 6, 4)
(11292, 4, 30, 6, 3)
(11293, 29, 7, 6, 5)
(11294, 20, 2, 4, 1)
(11295, 27, 2, 4, 6)
(11296, 14, 34, 4, 2)
(11297, 10, 33, 4, 1)
(11298, 31, 2, 2, 2)
(11299, 12, 35, 4, 3)
(11300, 10, 36, 4, 5)
(11301, 22, 1, 2, 2)
(11302, 34, 12, 4, 6)
(11303, 1, 22, 4, 4)
(11304, 20, 1, 6, 6)
(11305, 1, 25, 4, 4)
(11306, 18, 36, 2, 3)
(11307, 25, 7, 4, 3)
(11308, 10, 36, 6, 2)
(11309, 25, 5, 6, 3)
(11310, 21, 3, 6, 5)
(11311, 31, 1, 6, 2)
(11312, 34, 16, 2, 2)
(11313, 35, 15, 4, 2)
(11314, 3, 32, 6, 2)
(11315, 22, 4, 4, 6)
(11316, 22, 4, 6, 5)
(11317, 23, 1, 4, 6)
(11318, 11, 30, 4, 4)
(11319, 34, 16, 4, 6)
(11320, 36, 6, 2, 5)
(11321, 6, 36, 2, 2)
(11322, 25, 1, 6, 6)
(11323, 23, 4, 6, 4)
(11324, 7, 32, 4, 4)
(11325, 34, 16, 4, 3)
(11326, 33, 15, 4, 2)
(11327, 11, 32, 2, 1)
(11328, 10, 35, 6, 4)
(11329, 19, 1, 6, 3)
(11330, 36, 3, 6, 6)
(11331, 36, 4, 6, 3)
(11332, 21, 3, 2, 5)
(11333, 20, 1, 6, 5)
(11334, 28, 6, 4, 5)
(11335, 34, 2, 2, 1)
(11336, 9, 27, 2, 6)
(11337, 18, 36, 6, 1)
(11338, 31, 10, 6, 4)
(11339, 21, 2, 6, 5)
(11340, 26, 3, 2, 6)
(11341, 27, 3, 2, 6)
(11342, 15, 36, 6, 4)
(11343, 11, 30, 6, 1)
(11344, 1, 26, 2, 3)
(11345, 2, 21, 4, 4)
(11346, 31, 8, 2, 4)
(11347, 23, 1, 2, 3)
(11348, 24, 3, 6, 3)
(11349, 34, 7, 6, 3)
(11350, 10, 32, 2, 1)
(11351, 1, 33, 4, 6)
(11352, 36, 5, 6, 5)
(11353, 12, 33, 2, 5)
(11354, 34, 10, 4, 3)
(11355, 4, 23, 6, 6)
(11356, 2, 26, 6, 6)
(11357, 33, 1, 4, 3)
(11358, 2, 23, 6, 6)
(11359, 25, 3, 4, 4)
(11360, 21, 3, 2, 6)
(11361, 10, 34, 6, 3)
(11362, 30, 4, 4, 4)
(11363, 13, 34, 4, 5)
(11364, 8, 29, 2, 1)
(11365, 27, 3, 2, 2)
(11366, 3, 33, 2, 6)
(11367, 26, 8, 4, 6)
(11368, 6, 27, 2, 6)
(11369, 24, 3, 4, 2)
(11370, 16, 34, 4, 4)
(11371, 36, 1, 6, 1)
(11372, 10, 30, 2, 6)
(11373, 28, 2, 2, 4)
(11374, 26, 7, 4, 6)
(11375, 25, 7, 4, 3)
(11376, 18, 36, 2, 4)
(11377, 26, 6, 6, 2)
(11378, 10, 35, 2, 2)
(11379, 3, 21, 2, 6)
(11380, 27, 8, 6, 2)
(11381, 9, 27, 6, 5)
(11382, 10, 33, 4, 4)
(11383, 3, 24, 6, 3)
(11384, 18, 36, 4, 1)
(11385, 12, 30, 2, 3)
(11386, 30, 3, 4, 4)
(11387, 31, 13, 4, 2)
(11388, 32, 8, 4, 4)
(11389, 24, 4, 2, 2)
(11390, 4, 27, 4, 6)
(11391, 9, 32, 2, 3)
(11392, 24, 2, 4, 6)
(11393, 8, 33, 2, 5)
(11394, 1, 29, 4, 1)
(11395, 15, 36, 6, 3)
(11396, 13, 31, 2, 4)
(11397, 9, 28, 6, 2)
(11398, 13, 35, 2, 4)
(11399, 5, 33, 2, 6)
(11400, 8, 30, 4, 2)
(11401, 29, 9, 4, 5)
(11402, 11, 31, 2, 1)
(11403, 9, 35, 4, 4)
(11404, 2, 31, 6, 5)
(11405, 25, 6, 4, 2)
(11406, 36, 10, 6, 1)
(11407, 4, 28, 6, 6)
(11408, 26, 5, 4, 3)
(11409, 32, 11, 4, 4)
(11410, 36, 15, 6, 2)
(11411, 19, 1, 4, 2)
(11412, 28, 6, 6, 3)
(11413, 35, 13, 2, 5)
(11414, 26, 3, 6, 2)
(11415, 30, 5, 6, 6)
(11416, 15, 35, 6, 1)
(11417, 5, 33, 2, 2)
(11418, 33, 7, 2, 2)
(11419, 32, 5, 2, 3)
(11420, 7, 25, 4, 3)
(11421, 2, 26, 2, 3)
(11422, 28, 1, 6, 2)
(11423, 6, 29, 4, 4)
(11424, 13, 36, 4, 6)
(11425, 26, 7, 2, 5)
(11426, 26, 8, 4, 4)
(11427, 22, 3, 2, 5)
(11428, 9, 28, 4, 2)
(11429, 23, 3, 2, 6)
(11430, 19, 1, 6, 2)
(11431, 30, 6, 2, 2)
(11432, 2, 31, 4, 1)
(11433, 27, 7, 2, 3)
(11434, 18, 36, 4, 1)
(11435, 4, 22, 2, 4)
(11436, 9, 31, 2, 1)
(11437, 24, 6, 6, 4)
(11438, 1, 28, 6, 5)
(11439, 3, 21, 4, 2)
(11440, 18, 36, 6, 2)
(11441, 1, 25, 4, 2)
(11442, 12, 30, 2, 4)
(11443, 17, 36, 2, 1)
(11444, 29, 2, 4, 1)
(11445, 20, 2, 6, 6)
(11446, 2, 32, 6, 3)
(11447, 9, 28, 2, 5)
(11448, 1, 35, 2, 4)
(11449, 23, 1, 6, 3)
(11450, 36, 1, 4, 4)
(11451, 27, 5, 6, 2)
(11452, 26, 5, 2, 6)
(11453, 19, 1, 2, 3)
(11454, 18, 36, 2, 6)
(11455, 13, 35, 2, 3)
(11456, 21, 1, 4, 2)
(11457, 10, 28, 4, 3)
(11458, 29, 7, 2, 2)
(11459, 29, 10, 2, 5)
(11460, 13, 33, 2, 2)
(11461, 28, 2, 2, 2)
(11462, 25, 4, 2, 4)
(11463, 21, 2, 6, 3)
(11464, 14, 32, 6, 6)
(11465, 34, 9, 4, 6)
(11466, 19, 1, 6, 1)
(11467, 25, 4, 6, 5)
(11468, 10, 29, 4, 3)
(11469, 31, 8, 6, 6)
(11470, 11, 31, 6, 2)
(11471, 4, 31, 4, 4)
(11472, 9, 28, 2, 6)
(11473, 28, 2, 6, 4)
(11474, 34, 13, 6, 4)
(11475, 3, 22, 4, 6)
(11476, 23, 4, 6, 5)
(11477, 31, 7, 4, 6)
(11478, 6, 36, 2, 4)
(11479, 12, 30, 4, 1)
(11480, 22, 2, 6, 4)
(11481, 14, 34, 4, 6)
(11482, 5, 36, 4, 3)
(11483, 33, 1, 6, 3)
(11484, 12, 32, 4, 6)
(11485, 26, 1, 6, 5)
(11486, 25, 7, 4, 1)
(11487, 14, 34, 4, 5)
(11488, 5, 28, 6, 5)
(11489, 9, 27, 2, 5)
(11490, 30, 8, 6, 2)
(11491, 5, 33, 6, 1)
(11492, 24, 5, 4, 1)
(11493, 5, 25, 2, 3)
(11494, 2, 20, 2, 6)
(11495, 34, 12, 6, 4)
(11496, 19, 1, 4, 2)
(11497, 4, 23, 2, 2)
(11498, 12, 32, 4, 2)
(11499, 14, 36, 2, 4)
(11500, 14, 36, 6, 6)
(11501, 7, 25, 2, 6)
(11502, 5, 25, 6, 4)
(11503, 12, 36, 4, 5)
(11504, 5, 25, 6, 6)
(11505, 24, 5, 2, 3)
(11506, 12, 30, 2, 6)
(11507, 19, 1, 4, 4)
(11508, 28, 1, 4, 4)
(11509, 21, 3, 4, 2)
(11510, 2, 34, 2, 2)
(11511, 7, 33, 4, 2)
(11512, 33, 3, 4, 4)
(11513, 18, 36, 4, 1)
(11514, 23, 1, 6, 6)
(11515, 13, 31, 2, 6)
(11516, 24, 5, 6, 5)
(11517, 32, 5, 6, 4)
(11518, 22, 2, 6, 4)
(11519, 14, 36, 2, 5)
(11520, 13, 36, 2, 3)
(11521, 2, 32, 2, 2)
(11522, 3, 24, 6, 4)
(11523, 20, 1, 4, 2)
(11524, 28, 2, 4, 1)
(11525, 18, 36, 2, 6)
(11526, 4, 29, 6, 4)
(11527, 3, 25, 4, 5)
(11528, 19, 1, 6, 5)
(11529, 9, 36, 4, 2)
(11530, 28, 2, 4, 3)
(11531, 14, 32, 4, 1)
(11532, 17, 35, 6, 1)
(11533, 36, 16, 2, 5)
(11534, 36, 11, 2, 4)
(11535, 23, 5, 6, 4)
(11536, 23, 1, 6, 2)
(11537, 3, 27, 4, 6)
(11538, 10, 36, 2, 1)
(11539, 27, 2, 4, 4)
(11540, 7, 34, 4, 2)
(11541, 3, 21, 6, 4)
(11542, 30, 6, 6, 5)
(11543, 18, 36, 6, 6)
(11544, 32, 14, 2, 3)
(11545, 8, 29, 2, 4)
(11546, 30, 3, 4, 6)
(11547, 32, 5, 2, 2)
(11548, 4, 22, 2, 1)
(11549, 27, 2, 2, 1)
(11550, 28, 10, 4, 3)
(11551, 24, 4, 2, 5)
(11552, 6, 27, 6, 1)
(11553, 20, 2, 4, 3)
(11554, 24, 1, 6, 1)
(11555, 2, 32, 4, 3)
(11556, 36, 11, 2, 5)
(11557, 31, 2, 6, 2)
(11558, 35, 4, 4, 3)
(11559, 8, 32, 2, 3)
(11560, 33, 13, 6, 3)
(11561, 11, 32, 4, 5)
(11562, 13, 33, 2, 4)
(11563, 26, 8, 2, 4)
(11564, 35, 17, 2, 6)
(11565, 15, 35, 2, 1)
(11566, 19, 1, 2, 6)
(11567, 2, 33, 2, 2)
(11568, 4, 23, 4, 5)
(11569, 36, 18, 4, 3)
(11570, 32, 2, 2, 5)
(11571, 11, 30, 2, 2)
(11572, 23, 5, 6, 3)
(11573, 20, 1, 2, 1)
(11574, 4, 36, 6, 5)
(11575, 34, 10, 6, 5)
(11576, 10, 33, 2, 1)
(11577, 33, 10, 4, 1)
(11578, 36, 18, 2, 2)
(11579, 7, 30, 2, 5)
(11580, 28, 6, 6, 1)
(11581, 14, 33, 4, 1)
(11582, 7, 33, 4, 1)
(11583, 13, 35, 4, 5)
(11584, 22, 2, 6, 6)
(11585, 36, 7, 4, 6)
(11586, 14, 32, 4, 3)
(11587, 34, 16, 2, 3)
(11588, 22, 4, 6, 6)
(11589, 30, 8, 2, 1)
(11590, 1, 29, 2, 5)
(11591, 18, 36, 2, 6)
(11592, 27, 5, 2, 5)
(11593, 24, 6, 4, 3)
(11594, 35, 9, 4, 2)
(11595, 21, 2, 4, 5)
(11596, 7, 25, 4, 2)
(11597, 21, 2, 2, 6)
(11598, 28, 2, 6, 1)
(11599, 28, 1, 6, 4)
(11600, 30, 11, 6, 4)
(11601, 27, 4, 4, 2)
(11602, 6, 24, 2, 3)
(11603, 28, 3, 6, 2)
(11604, 28, 3, 6, 1)
(11605, 14, 35, 6, 1)
(11606, 1, 25, 6, 2)
(11607, 8, 28, 4, 4)
(11608, 26, 7, 2, 4)
(11609, 3, 24, 2, 4)
(11610, 9, 28, 2, 1)
(11611, 13, 32, 4, 5)
(11612, 2, 26, 6, 6)
(11613, 2, 25, 2, 2)
(11614, 1, 21, 2, 6)
(11615, 20, 2, 4, 1)
(11616, 10, 31, 2, 5)
(11617, 17, 35, 6, 2)
(11618, 24, 4, 2, 4)
(11619, 14, 32, 4, 1)
(11620, 14, 32, 4, 3)
(11621, 1, 21, 4, 1)
(11622, 14, 34, 2, 1)
(11623, 34, 3, 6, 2)
(11624, 22, 2, 6, 5)
(11625, 32, 11, 6, 5)
(11626, 8, 32, 2, 1)
(11627, 30, 3, 4, 2)
(11628, 9, 30, 4, 6)
(11629, 36, 13, 2, 2)
(11630, 15, 35, 2, 5)
(11631, 20, 2, 2, 5)
(11632, 13, 34, 2, 2)
(11633, 28, 10, 4, 2)
(11634, 8, 33, 6, 1)
(11635, 16, 35, 6, 3)
(11636, 23, 4, 2, 2)
(11637, 4, 26, 4, 2)
(11638, 11, 31, 6, 3)
(11639, 1, 20, 4, 5)
(11640, 25, 2, 2, 6)
(11641, 33, 2, 2, 6)
(11642, 16, 36, 6, 3)
(11643, 16, 35, 6, 3)
(11644, 10, 33, 4, 4)
(11645, 10, 31, 4, 2)
(11646, 23, 1, 4, 3)
(11647, 21, 3, 4, 2)
(11648, 29, 1, 4, 3)
(11649, 11, 36, 2, 5)
(11650, 26, 7, 2, 3)
(11651, 7, 36, 2, 2)
(11652, 9, 28, 6, 5)
(11653, 27, 1, 2, 5)
(11654, 12, 34, 6, 3)
(11655, 3, 23, 6, 4)
(11656, 28, 2, 4, 4)
(11657, 6, 27, 2, 6)
(11658, 3, 32, 6, 4)
(11659, 6, 24, 2, 1)
(11660, 9, 28, 6, 1)
(11661, 13, 33, 4, 3)
(11662, 25, 3, 4, 5)
(11663, 9, 36, 4, 1)
(11664, 19, 1, 2, 2)
(11665, 1, 19, 4, 2)
(11666, 21, 3, 6, 2)
(11667, 16, 35, 2, 4)
(11668, 2, 32, 6, 1)
(11669, 8, 33, 6, 1)
(11670, 27, 5, 6, 4)
(11671, 2, 35, 6, 6)
(11672, 29, 6, 2, 4)
(11673, 11, 31, 6, 1)
(11674, 35, 14, 2, 2)
(11675, 4, 26, 2, 6)
(11676, 15, 36, 6, 3)
(11677, 13, 32, 6, 2)
(11678, 26, 5, 6, 4)
(11679, 31, 8, 4, 3)
(11680, 36, 14, 4, 5)
(11681, 36, 17, 4, 3)
(11682, 22, 3, 4, 3)
(11683, 12, 35, 2, 5)
(11684, 33, 8, 6, 6)
(11685, 7, 27, 4, 2)
(11686, 2, 29, 2, 3)
(11687, 4, 22, 2, 5)
(11688, 12, 32, 4, 2)
(11689, 24, 6, 4, 6)
(11690, 9, 28, 2, 5)
(11691, 1, 29, 6, 4)
(11692, 28, 3, 4, 4)
(11693, 9, 31, 4, 1)
(11694, 21, 1, 6, 6)
(11695, 29, 1, 4, 2)
(11696, 11, 31, 6, 1)
(11697, 7, 25, 6, 2)
(11698, 20, 1, 4, 2)
(11699, 26, 6, 2, 2)
(11700, 15, 36, 2, 3)
(11701, 4, 23, 2, 6)
(11702, 20, 1, 2, 3)
(11703, 8, 27, 4, 4)
(11704, 36, 8, 2, 4)
(11705, 35, 5, 4, 3)
(11706, 21, 2, 4, 3)
(11707, 12, 33, 6, 4)
(11708, 35, 5, 4, 2)
(11709, 26, 6, 2, 1)
(11710, 3, 31, 6, 5)
(11711, 34, 7, 4, 5)
(11712, 15, 34, 2, 6)
(11713, 34, 9, 2, 5)
(11714, 20, 1, 2, 3)
(11715, 15, 35, 4, 6)
(11716, 9, 28, 2, 2)
(11717, 31, 8, 6, 6)
(11718, 18, 36, 2, 5)
(11719, 26, 1, 2, 6)
(11720, 10, 35, 4, 1)
(11721, 34, 11, 2, 1)
(11722, 29, 10, 2, 4)
(11723, 21, 1, 2, 2)
(11724, 31, 3, 6, 6)
(11725, 14, 35, 4, 3)
(11726, 31, 9, 4, 6)
(11727, 25, 4, 2, 5)
(11728, 28, 10, 6, 1)
(11729, 14, 33, 4, 3)
(11730, 16, 34, 4, 1)
(11731, 21, 1, 2, 3)
(11732, 9, 34, 6, 5)
(11733, 12, 34, 2, 5)
(11734, 4, 25, 6, 1)
(11735, 33, 11, 6, 5)
(11736, 35, 7, 2, 4)
(11737, 22, 3, 6, 3)
(11738, 12, 35, 4, 4)
(11739, 18, 36, 6, 2)
(11740, 34, 14, 4, 2)
(11741, 11, 34, 4, 5)
(11742, 29, 3, 4, 1)
(11743, 30, 12, 4, 5)
(11744, 5, 34, 6, 5)
(11745, 9, 27, 2, 5)
(11746, 15, 35, 6, 2)
(11747, 31, 12, 2, 6)
(11748, 13, 33, 2, 1)
(11749, 32, 12, 2, 3)
(11750, 31, 8, 6, 1)
(11751, 19, 1, 2, 1)
(11752, 34, 16, 2, 2)
(11753, 23, 5, 2, 2)
(11754, 16, 36, 2, 2)
(11755, 19, 1, 4, 5)
(11756, 27, 2, 4, 4)
(11757, 29, 10, 6, 6)
(11758, 1, 32, 2, 3)
(11759, 34, 15, 6, 5)
(11760, 17, 36, 4, 5)
(11761, 27, 8, 4, 4)
(11762, 12, 31, 4, 2)
(11763, 26, 4, 2, 3)
(11764, 30, 7, 6, 2)
(11765, 5, 27, 4, 4)
(11766, 19, 1, 6, 2)
(11767, 11, 29, 4, 5)
(11768, 6, 31, 4, 3)
(11769, 12, 35, 2, 6)
(11770, 31, 4, 6, 5)
(11771, 6, 28, 4, 5)
(11772, 25, 1, 6, 3)
(11773, 26, 5, 4, 1)
(11774, 21, 3, 6, 1)
(11775, 10, 29, 4, 2)
(11776, 33, 11, 2, 5)
(11777, 35, 15, 2, 1)
(11778, 11, 29, 4, 3)
(11779, 12, 32, 2, 1)
(11780, 3, 35, 4, 6)
(11781, 35, 9, 6, 3)
(11782, 34, 12, 4, 5)
(11783, 26, 1, 4, 3)
(11784, 18, 36, 4, 2)
(11785, 11, 33, 2, 5)
(11786, 21, 2, 4, 5)
(11787, 32, 12, 4, 1)
(11788, 15, 34, 4, 2)
(11789, 29, 1, 2, 3)
(11790, 31, 8, 4, 3)
(11791, 29, 8, 4, 2)
(11792, 4, 24, 6, 1)
(11793, 23, 2, 2, 4)
(11794, 6, 25, 6, 5)
(11795, 18, 36, 6, 4)
(11796, 23, 1, 6, 3)
(11797, 4, 36, 4, 4)
(11798, 33, 10, 4, 5)
(11799, 24, 2, 6, 4)
(11800, 5, 29, 2, 5)
(11801, 30, 9, 6, 5)
(11802, 28, 5, 6, 6)
(11803, 30, 1, 4, 6)
(11804, 17, 36, 2, 3)
(11805, 28, 4, 6, 4)
(11806, 29, 3, 2, 1)
(11807, 15, 34, 2, 3)
(11808, 33, 9, 6, 1)
(11809, 32, 10, 2, 3)
(11810, 20, 2, 2, 5)
(11811, 17, 36, 2, 2)
(11812, 11, 36, 4, 6)
(11813, 32, 3, 2, 4)
(11814, 34, 2, 2, 5)
(11815, 11, 29, 6, 6)
(11816, 21, 3, 4, 4)
(11817, 23, 1, 6, 1)
(11818, 30, 4, 2, 5)
(11819, 3, 36, 4, 3)
(11820, 13, 36, 2, 5)
(11821, 6, 34, 4, 4)
(11822, 18, 36, 6, 6)
(11823, 10, 30, 6, 5)
(11824, 1, 32, 2, 2)
(11825, 18, 36, 4, 2)
(11826, 19, 1, 4, 6)
(11827, 2, 26, 2, 1)
(11828, 13, 35, 4, 2)
(11829, 22, 4, 6, 6)
(11830, 33, 5, 2, 3)
(11831, 29, 2, 4, 1)
(11832, 1, 34, 4, 2)
(11833, 35, 16, 2, 2)
(11834, 34, 10, 2, 2)
(11835, 20, 1, 4, 5)
(11836, 15, 35, 2, 2)
(11837, 21, 1, 4, 1)
(11838, 23, 1, 6, 4)
(11839, 19, 1, 2, 6)
(11840, 12, 31, 2, 2)
(11841, 25, 1, 4, 3)
(11842, 14, 32, 4, 3)
(11843, 1, 33, 4, 3)
(11844, 32, 1, 2, 3)
(11845, 30, 4, 4, 3)
(11846, 20, 2, 2, 1)
(11847, 13, 35, 6, 1)
(11848, 26, 5, 4, 6)
(11849, 5, 28, 4, 4)
(11850, 18, 36, 2, 5)
(11851, 28, 9, 4, 6)
(11852, 7, 35, 6, 4)
(11853, 29, 5, 2, 4)
(11854, 2, 26, 2, 4)
(11855, 21, 1, 4, 4)
(11856, 27, 3, 2, 6)
(11857, 5, 34, 2, 6)
(11858, 13, 33, 6, 5)
(11859, 22, 3, 2, 2)
(11860, 1, 21, 2, 1)
(11861, 27, 7, 4, 3)
(11862, 3, 21, 2, 5)
(11863, 26, 6, 6, 1)
(11864, 25, 7, 4, 2)
(11865, 18, 36, 2, 6)
(11866, 9, 35, 4, 3)
(11867, 21, 2, 6, 6)
(11868, 25, 7, 6, 2)
(11869, 7, 31, 6, 2)
(11870, 16, 36, 2, 5)
(11871, 21, 1, 2, 6)
(11872, 12, 36, 6, 6)
(11873, 3, 35, 2, 4)
(11874, 12, 34, 4, 4)
(11875, 27, 2, 2, 1)
(11876, 3, 27, 2, 5)
(11877, 34, 12, 4, 5)
(11878, 34, 11, 6, 6)
(11879, 9, 28, 6, 6)
(11880, 15, 35, 2, 5)
(11881, 26, 5, 6, 2)
(11882, 9, 33, 6, 4)
(11883, 1, 32, 6, 2)
(11884, 7, 26, 2, 1)
(11885, 9, 36, 2, 2)
(11886, 8, 29, 2, 2)
(11887, 15, 35, 6, 1)
(11888, 11, 29, 2, 4)
(11889, 36, 8, 2, 6)
(11890, 25, 2, 6, 1)
(11891, 28, 6, 6, 4)
(11892, 34, 10, 2, 4)
(11893, 8, 29, 6, 1)
(11894, 14, 35, 6, 1)
(11895, 26, 2, 6, 5)
(11896, 1, 21, 2, 3)
(11897, 23, 5, 6, 6)
(11898, 33, 10, 4, 2)
(11899, 16, 35, 2, 6)
(11900, 34, 8, 2, 4)
(11901, 3, 30, 2, 3)
(11902, 34, 16, 2, 1)
(11903, 33, 10, 4, 1)
(11904, 26, 5, 6, 3)
(11905, 8, 31, 4, 3)
(11906, 30, 12, 2, 1)
(11907, 17, 36, 4, 3)
(11908, 12, 31, 2, 2)
(11909, 8, 31, 4, 6)
(11910, 15, 33, 4, 3)
(11911, 14, 34, 2, 3)
(11912, 22, 2, 4, 3)
(11913, 5, 33, 2, 6)
(11914, 27, 9, 6, 2)
(11915, 33, 8, 4, 1)
(11916, 13, 31, 2, 2)
(11917, 16, 36, 6, 4)
(11918, 3, 34, 6, 4)
(11919, 1, 32, 2, 2)
(11920, 19, 1, 6, 1)
(11921, 18, 36, 4, 2)
(11922, 3, 31, 6, 2)
(11923, 6, 34, 2, 1)
(11924, 27, 1, 6, 1)
(11925, 36, 9, 6, 6)
(11926, 31, 2, 6, 4)
(11927, 2, 28, 4, 1)
(11928, 10, 28, 2, 4)
(11929, 17, 36, 6, 2)
(11930, 16, 35, 4, 5)
(11931, 34, 7, 4, 1)
(11932, 26, 8, 4, 4)
(11933, 6, 28, 4, 6)
(11934, 18, 36, 2, 2)
(11935, 16, 35, 6, 1)
(11936, 4, 35, 6, 6)
(11937, 4, 22, 2, 3)
(11938, 10, 33, 2, 1)
(11939, 4, 35, 2, 6)
(11940, 23, 4, 2, 3)
(11941, 18, 36, 4, 5)
(11942, 15, 34, 4, 3)
(11943, 32, 14, 2, 1)
(11944, 21, 2, 2, 5)
(11945, 9, 36, 2, 5)
(11946, 20, 2, 2, 6)
(11947, 16, 35, 4, 2)
(11948, 30, 6, 6, 3)
(11949, 22, 1, 4, 2)
(11950, 27, 9, 2, 6)
(11951, 32, 9, 2, 3)
(11952, 5, 28, 4, 4)
(11953, 34, 2, 2, 4)
(11954, 23, 3, 6, 5)
(11955, 30, 3, 4, 2)
(11956, 18, 36, 2, 1)
(11957, 6, 35, 4, 5)
(11958, 8, 27, 2, 4)
(11959, 16, 36, 6, 1)
(11960, 33, 15, 6, 6)
(11961, 32, 7, 4, 1)
(11962, 8, 36, 6, 6)
(11963, 10, 29, 4, 2)
(11964, 7, 33, 2, 6)
(11965, 12, 31, 2, 4)
(11966, 26, 3, 6, 6)
(11967, 17, 35, 2, 6)
(11968, 17, 35, 2, 6)
(11969, 12, 30, 6, 4)
(11970, 21, 1, 6, 5)
(11971, 22, 4, 2, 6)
(11972, 4, 23, 6, 4)
(11973, 19, 1, 4, 2)
(11974, 23, 4, 6, 6)
(11975, 29, 8, 2, 5)
(11976, 30, 9, 2, 4)
(11977, 13, 35, 4, 2)
(11978, 25, 4, 6, 3)
(11979, 8, 33, 4, 2)
(11980, 4, 36, 6, 6)
(11981, 32, 4, 2, 6)
(11982, 14, 33, 2, 2)
(11983, 27, 7, 6, 6)
(11984, 36, 1, 2, 3)
(11985, 5, 23, 4, 4)
(11986, 31, 4, 2, 3)
(11987, 23, 4, 2, 1)
(11988, 2, 28, 4, 3)
(11989, 14, 35, 4, 5)
(11990, 27, 1, 2, 5)
(11991, 9, 35, 2, 4)
(11992, 24, 6, 6, 1)
(11993, 32, 8, 4, 1)
(11994, 34, 1, 4, 1)
(11995, 29, 1, 4, 6)
(11996, 2, 30, 2, 4)
(11997, 31, 3, 2, 1)
(11998, 12, 33, 4, 5)
(11999, 35, 1, 6, 4)
(12000, 32, 5, 2, 1)
(12001, 12, 32, 4, 1)
(12002, 19, 1, 2, 5)
(12003, 11, 36, 4, 1)
(12004, 2, 29, 4, 4)
(12005, 3, 36, 2, 2)
(12006, 12, 36, 4, 1)
(12007, 14, 36, 4, 4)
(12008, 15, 34, 6, 1)
(12009, 20, 2, 6, 4)
(12010, 7, 26, 4, 1)
(12011, 6, 33, 2, 1)
(12012, 14, 34, 4, 5)
(12013, 33, 11, 4, 1)
(12014, 3, 22, 6, 6)
(12015, 28, 1, 4, 5)
(12016, 19, 1, 6, 6)
(12017, 11, 35, 6, 3)
(12018, 33, 4, 4, 6)
(12019, 10, 33, 6, 2)
(12020, 34, 2, 6, 5)
(12021, 21, 2, 6, 2)
(12022, 28, 5, 4, 1)
(12023, 20, 1, 4, 5)
(12024, 36, 3, 2, 1)
(12025, 32, 14, 4, 1)
(12026, 12, 36, 6, 2)
(12027, 22, 4, 4, 2)
(12028, 34, 1, 2, 1)
(12029, 24, 5, 4, 4)
(12030, 20, 1, 6, 5)
(12031, 26, 4, 6, 3)
(12032, 2, 21, 2, 1)
(12033, 2, 27, 2, 2)
(12034, 18, 36, 2, 2)
(12035, 36, 2, 4, 6)
(12036, 27, 7, 4, 2)
(12037, 15, 34, 2, 5)
(12038, 1, 28, 2, 4)
(12039, 18, 36, 6, 2)
(12040, 25, 3, 6, 4)
(12041, 23, 4, 6, 5)
(12042, 3, 22, 2, 6)
(12043, 24, 3, 6, 2)
(12044, 9, 36, 4, 4)
(12045, 21, 1, 4, 5)
(12046, 21, 1, 6, 4)
(12047, 36, 3, 6, 4)