#(id,from,to,speed,planTime)
(10000, 2, 31, 4, 3)
(10001, 2, 20, 4, 6)
(10002, 27, 2, 4, 5)
(10003, 1, 28, 2, 3)
(10004, 15, 34, 2, 1)
(10005, 17, 35, 4, 5)
(10006, 14, 33, 2, 6)
(10007, 29, 4, 4, 3)
(10008, 5, 23, 2, 6)
(10009, 36, 7, 2, 2)
(10010, 4, 36, 6, 2)
(10011, 31, 10, 6, 2)
(10012, 1, 25, 4, 1)
(10013, 10, 30, 2, 1)
(10014, 11, 29, 4, 3)
(10015, 5, 26, 2, 6)
(10016, 32, 8, 2, 4)
(10017, 3, 22, 4, 6)
(10018, 12, 30, 2, 4)
(10019, 15, 33, 6, 2)
(10020, 22, 2, 6, 4)
(10021, 24, 3, 6, 4)
(10022, 17, 35, 2, 1)
(10023, 35, 12, 4, 2)
(10024, 30, 9, 2, 3)
(10025, 34, 6, 2, 3)
(10026, 35, 14, 6, 1)
(10027, 21, 2, 6, 6)
(10028, 29, 2, 6, 3)
(10029, 3, 25, 6, 3)
(10030, 2, 34, 4, 3)
(10031, 7, 34, 4, 2)
(10032, 17, 36, 4, 6)
(10033, 19, 1, 6, 3)
(10034, 3, 25, 4, 4)
(10035, 1, 21, 4, 3)
(10036, 34, 6, 6, 5)
(10037, 6, 24, 2, 5)
(10038, 22, 4, 4, 5)
(10039, 29, 9, 4, 2)
(10040, 30, 1, 4, 5)
(10041, 12, 36, 2, 6)
(10042, 14, 34, 2, 2)
(10043, 30, 12, 4, 1)
(10044, 5, 31, 2, 4)
(10045, 4, 28, 2, 2)
(10046, 16, 35, 4, 6)
(10047, 13, 34, 4, 4)
(10048, 29, 4, 6, 3)
(10049, 36, 7, 2, 5)
(10050, 35, 2, 4, 4)
(10051, 10, 30, 2, 2)
(10052, 19, 1, 6, 1)
(10053, 18, 36, 6, 4)
(10054, 31, 8, 2, 3)
(10055, 36, 18, 6, 5)
(10056, 1, 34, 6, 6)
(10057, 26, 4, 2, 2)
(10058, 14, 36, 6, 3)
(10059, 9, 30, 2, 6)
(10060, 21, 1, 4, 1)
(10061, 5, 23, 4, 4)
(10062, 14, 33, 4, 2)
(10063, 17, 36, 2, 1)
(10064, 5, 35, 6, 5)
(10065, 5, 29, 4, 5)
(10066, 19, 1, 4, 6)
(10067, 10, 34, 4, 4)
(10068, 29, 7, 2, 3)
(10069, 7, 32, 6, 5)
(10070, 2, 26, 6, 4)
(10071, 11, 29, 2, 5)
(10072, 34, 16, 6, 4)
(10073, 20, 2, 2, 2)
(10074, 26, 4, 6, 3)
(10075, 17, 36, 4, 5)
(10076, 32, 11, 6, 4)
(10077, 32, 2, 2, 3)
(10078, 30, 5, 2, 4)
(10079, 30, 6, 6, 5)
(10080, 4, 23, 4, 2)
(10081, 20, 1, 4, 4)
(10082, 26, 2, 2, 1)
(10083, 12, 31, 2, 5)
(10084, 34, 3, 2, 4)
(10085, 24, 6, 4, 2)
(10086, 21, 2, 6, 6)
(10087, 8, 34, 6, 1)
(10088, 4, 34, 6, 5)
(10089, 31, 12, 4, 3)
(10090, 7, 36, 4, 1)
(10091, 22, 2, 6, 4)
(10092, 36, 18, 6, 5)
(10093, 22, 1, 6, 2)
(10094, 32, 7, 6, 1)
(10095, 14, 32, 4, 2)
(10096, 6, 30, 6, 6)
(10097, 2, 22, 6, 4)
(10098, 23, 5, 6, 5)
(10099, 12, 34, 4, 5)
(10100, 9, 27, 2, 2)
(10101, 11, 36, 2, 2)
(10102, 36, 1, 4, 2)
(10103, 32, 1, 4, 3)
(10104, 26, 5, 4, 2)
(10105, 16, 36, 4, 5)
(10106, 7, 36, 2, 2)
(10107, 24, 2, 6, 1)
(10108, 11, 31, 2, 1)
(10109, 10, 30, 2, 4)
(10110, 31, 11, 6, 6)
(10111, 13, 33, 2, 5)
(10112, 12, 36, 6, 4)
(10113, 26, 3, 2, 5)
(10114, 30, 8, 4, 2)
(10115, 15, 35, 6, 1)
(10116, 21, 2, 2, 4)
(10117, 2, 29, 4, 3)
(10118, 15, 35, 4, 4)
(10119, 31, 5, 2, 4)
(10120, 34, 5, 4, 4)
(10121, 9, 28, 6, 3)
(10122, 26, 6, 2, 2)
(10123, 22, 1, 4, 3)
(10124, 30, 4, 2, 5)
(10125, 10, 34, 6, 1)
(10126, 2, 33, 4, 6)
(10127, 4, 25, 6, 1)
(10128, 15, 34, 4, 4)
(10129, 4, 22, 4, 1)
(10130, 13, 36, 6, 4)
(10131, 36, 8, 2, 3)
(10132, 11, 29, 6, 3)
(10133, 4, 24, 2, 3)
(10134, 7, 33, 6, 5)
(10135, 3, 25, 4, 2)
(10136, 30, 2, 2, 1)
(10137, 13, 31, 6, 1)
(10138, 6, 35, 6, 2)
(10139, 11, 32, 6, 4)
(10140, 30, 3, 2, 1)
(10141, 36, 17, 6, 5)
(10142, 7, 27, 2, 1)
(10143, 13, 33, 6, 2)
(10144, 24, 2, 2, 5)
(10145, 27, 2, 2, 4)
(10146, 12, 30, 2, 1)
(10147, 2, 35, 4, 4)
(10148, 27, 9, 4, 2)
(10149, 35, 14, 4, 1)
(10150, 6, 30, 4, 3)
(10151, 11, 30, 4, 5)
(10152, 36, 11, 4, 2)
(10153, 31, 6, 6, 4)
(10154, 19, 1, 6, 5)
(10155, 5, 29, 2, 1)
(10156, 11, 29, 4, 6)
(10157, 4, 34, 6, 5)
(10158, 32, 10, 6, 1)
(10159, 30, 12, 4, 3)
(10160, 28, 6, 4, 2)
(10161, 16, 36, 2, 3)
(10162, 26, 1, 4, 5)
(10163, 28, 3, 4, 2)
(10164, 26, 6, 4, 3)
(10165, 25, 5, 2, 6)
(10166, 32, 12, 2, 2)
(10167, 17, 35, 4, 4)
(10168, 3, 32, 2, 1)
(10169, 35, 2, 6, 5)
(10170, 5, 35, 6, 5)
(10171, 36, 12, 2, 1)
(10172, 6, 34, 6, 4)
(10173, 16, 34, 6, 2)
(10174, 31, 6, 6, 2)
(10175, 6, 35, 4, 5)
(10176, 24, 1, 2, 5)
(10177, 25, 7, 4, 5)
(10178, 8, 28, 2, 6)
(10179, 33, 8, 2, 6)
(10180, 6, 28, 4, 6)
(10181, 32, 12, 6, 3)
(10182, 14, 32, 6, 6)
(10183, 22, 1, 6, 4)
(10184, 22, 2, 6, 1)
(10185, 34, 12, 6, 2)
(10186, 36, 9, 2, 6)
(10187, 15, 35, 4, 4)
(10188, 1, 32, 4, 2)
(10189, 9, 30, 2, 1)
(10190, 36, 3, 6, 1)
(10191, 3, 32, 2, 3)
(10192, 13, 36, 4, 4)
(10193, 22, 2, 4, 3)
(10194, 8, 26, 2, 6)
(10195, 7, 34, 6, 2)
(10196, 6, 30, 4, 4)
(10197, 26, 7, 2, 2)
(10198, 13, 33, 2, 5)
(10199, 14, 33, 2, 5)
(10200, 2, 29, 2, 6)
(10201, 12, 31, 4, 1)
(10202, 18, 36, 2, 1)
(10203, 30, 6, 4, 4)
(10204, 6, 34, 6, 1)
(10205, 24, 2, 6, 1)
(10206, 16, 36, 6, 6)
(10207, 18, 36, 2, 1)
(10208, 3, 23, 4, 4)
(10209, 22, 4, 4, 5)
(10210, 28, 7, 2, 2)
(10211, 6, 33, 4, 1)
(10212, 23, 4, 2, 2)
(10213, 1, 34, 4, 4)
(10214, 23, 1, 2, 6)
(10215, 10, 35, 4, 1)
(10216, 3, 27, 4, 2)
(10217, 28, 1, 6, 6)
(10218, 24, 6, 4, 3)
(10219, 27, 4, 2, 5)
(10220, 14, 36, 6, 6)
(10221, 19, 1, 4, 6)
(10222, 5, 25, 6, 6)
(10223, 11, 30, 2, 6)
(10224, 33, 12, 2, 2)
(10225, 15, 34, 4, 1)
(10226, 35, 4, 2, 5)
(10227, 25, 4, 2, 2)
(10228, 23, 2, 4, 5)
(10229, 11, 34, 6, 4)
(10230, 1, 27, 6, 6)
(10231, 17, 36, 4, 6)
(10232, 16, 36, 6, 1)
(10233, 34, 14, 6, 1)
(10234, 12, 30, 2, 6)
(10235, 36, 8, 4, 6)
(10236, 32, 8, 2, 4)
(10237, 16, 34, 4, 2)
(10238, 11, 33, 6, 3)
(10239, 33, 6, 2, 4)
(10240, 18, 36, 2, 6)
(10241, 26, 1, 4, 3)
(10242, 28, 3, 6, 5)
(10243, 5, 23, 4, 5)
(10244, 13, 32, 4, 3)
(10245, 17, 35, 2, 3)
(10246, 2, 20, 4, 3)
(10247, 1, 32, 2, 2)
(10248, 8, 32, 2, 3)
(10249, 32, 3, 6, 5)
(10250, 14, 32, 6, 5)
(10251, 21, 3, 4, 3)
(10252, 28, 3, 4, 2)
(10253, 32, 14, 6, 1)
(10254, 12, 36, 2, 3)
(10255, 2, 23, 4, 3)
(10256, 31, 1, 2, 5)
(10257, 31, 3, 4, 1)
(10258, 21, 1, 2, 5)
(10259, 11, 33, 4, 2)
(10260, 33, 13, 2, 3)
(10261, 17, 35, 2, 4)
(10262, 6, 25, 6, 4)
(10263, 24, 3, 6, 5)
(10264, 15, 35, 4, 6)
(10265, 35, 10, 4, 3)
(10266, 21, 1, 4, 6)
(10267, 22, 1, 4, 3)
(10268, 1, 24, 2, 4)
(10269, 31, 2, 6, 6)
(10270, 24, 6, 4, 6)
(10271, 34, 9, 6, 1)
(10272, 15, 35, 2, 1)
(10273, 12, 34, 2, 1)
(10274, 13, 34, 2, 1)
(10275, 19, 1, 4, 4)
(10276, 34, 12, 4, 5)
(10277, 13, 32, 4, 5)
(10278, 25, 4, 2, 2)
(10279, 23, 2, 4, 4)
(10280, 22, 3, 4, 1)
(10281, 5, 30, 2, 6)
(10282, 5, 32, 6, 3)
(10283, 22, 1, 4, 5)
(10284, 10, 34, 2, 6)
(10285, 5, 25, 6, 4)
(10286, 26, 7, 4, 5)
(10287, 15, 36, 2, 5)
(10288, 29, 4, 2, 6)
(10289, 4, 27, 2, 1)
(10290, 30, 12, 4, 3)
(10291, 1, 33, 4, 2)
(10292, 25, 2, 4, 6)
(10293, 29, 5, 4, 4)
(10294, 33, 9, 2, 4)
(10295, 35, 1, 4, 2)
(10296, 27, 1, 6, 2)
(10297, 35, 10, 4, 5)
(10298, 17, 36, 2, 5)
(10299, 14, 32, 6, 5)
(10300, 30, 12, 6, 1)
(10301, 18, 36, 4, 2)
(10302, 14, 36, 2, 5)
(10303, 32, 11, 2, 2)
(10304, 17, 35, 4, 1)
(10305, 6, 24, 6, 5)
(10306, 8, 33, 2, 5)
(10307, 8, 27, 4, 2)
(10308, 5, 24, 2, 3)
(10309, 35, 4, 4, 6)
(10310, 4, 29, 6, 4)
(10311, 22, 4, 6, 5)
(10312, 5, 27, 2, 6)
(10313, 13, 33, 2, 4)
(10314, 12, 35, 6, 4)
(10315, 7, 33, 4, 2)
(10316, 14, 36, 6, 3)
(10317, 25, 6, 4, 1)
(10318, 11, 36, 6, 1)
(10319, 7, 25, 2, 5)
(10320, 16, 35, 4, 2)
(10321, 28, 10, 2, 2)
(10322, 30, 11, 6, 5)
(10323, 19, 1, 6, 4)
(10324, 3, 29, 6, 6)
(10325, 30, 5, 4, 6)
(10326, 33, 13, 2, 4)
(10327, 23, 2, 2, 5)
(10328, 35, 14, 6, 3)
(10329, 28, 2, 6, 3)
(10330, 7, 26, 2, 5)
(10331, 14, 34, 4, 2)
(10332, 13, 32, 6, 2)
(10333, 10, 29, 6, 1)
(10334, 27, 1, 2, 2)
(10335, 33, 8, 4, 2)
(10336, 7, 30, 4, 6)
(10337, 29, 10, 6, 1)
(10338, 7, 34, 6, 5)
(10339, 2, 24, 6, 3)
(10340, 28, 3, 4, 4)
(10341, 28, 10, 4, 2)
(10342, 36, 14, 6, 4)
(10343, 4, 22, 2, 4)
(10344, 23, 1, 2, 4)
(10345, 28, 9, 4, 2)
(10346, 3, 30, 4, 1)
(10347, 4, 30, 4, 5)
(10348, 19, 1, 6, 3)
(10349, 29, 9, 4, 4)
(10350, 34, 10, 2, 4)
(10351, 10, 30, 2, 3)
(10352, 10, 35, 2, 1)
(10353, 13, 32, 6, 4)
(10354, 15, 35, 2, 1)
(10355, 32, 3, 4, 3)
(10356, 13, 34, 6, 2)
(10357, 19, 1, 6, 4)
(10358, 2, 20, 2, 2)
(10359, 35, 14, 2, 4)
(10360, 12, 34, 6, 4)
(10361, 8, 36, 2, 3)
(10362, 34, 11, 6, 2)
(10363, 9, 31, 6, 1)
(10364, 3, 31, 2, 4)
(10365, 12, 30, 6, 5)
(10366, 3, 26, 4, 6)
(10367, 1, 23, 2, 4)
(10368, 7, 26, 6, 5)
(10369, 15, 35, 2, 6)
(10370, 29, 8, 2, 4)
(10371, 34, 3, 6, 6)
(10372, 20, 2, 2, 3)
(10373, 36, 11, 4, 5)
(10374, 35, 1, 4, 5)
(10375, 7, 31, 6, 6)
(10376, 27, 5, 4, 3)
(10377, 1, 20, 4, 3)
(10378, 16, 35, 4, 1)
(10379, 3, 26, 2, 2)
(10380, 2, 27, 2, 1)
(10381, 5, 27, 2, 5)
(10382, 14, 33, 2, 6)
(10383, 16, 35, 2, 1)
(10384, 29, 3, 6, 1)
(10385, 10, 28, 6, 6)
(10386, 30, 11, 4, 2)
(10387, 2, 24, 4, 1)
(10388, 12, 32, 2, 1)
(10389, 30, 2, 4, 5)
(10390, 27, 9, 6, 2)
(10391, 11, 35, 6, 6)
(10392, 10, 34, 2, 2)
(10393, 33, 13, 2, 2)
(10394, 9, 27, 6, 1)
(10395, 30, 3, 6, 4)
(10396, 28, 8, 4, 5)
(10397, 4, 29, 6, 3)
(10398, 22, 3, 4, 4)
(10399, 14, 35, 2, 6)
(10400, 24, 2, 4, 2)
(10401, 9, 36, 2, 6)
(10402, 9, 35, 6, 5)
(10403, 25, 3, 6, 3)
(10404, 12, 32, 4, 2)
(10405, 19, 1, 2, 5)
(10406, 24, 4, 6, 4)
(10407, 23, 4, 4, 2)
(10408, 36, 9, 4, 1)
(10409, 8, 33, 4, 4)
(10410, 11, 33, 6, 2)
(10411, 18, 36, 6, 1)
(10412, 35, 8, 6, 1)
(10413, 18, 36, 4, 3)
(10414, 17, 36, 2, 1)
(10415, 27, 4, 6, 1)
(10416, 35, 16, 6, 2)
(10417, 17, 36, 2, 3)
(10418, 22, 3, 6, 5)
(10419, 25, 7, 6, 5)
(10420, 10, 32, 2, 2)
(10421, 36, 1, 4, 6)
(10422, 26, 7, 4, 2)
(10423, 2, 33, 2, 3)
(10424, 1, 29, 6, 5)
(10425, 19, 1, 4, 6)
(10426, 10, 31, 6, 5)
(10427, 8, 35, 4, 3)
(10428, 2, 21, 6, 5)
(10429, 16, 36, 4, 4)
(10430, 33, 14, 2, 3)
(10431, 13, 32, 4, 5)
(10432, 2, 29, 4, 1)
(10433, 4, 26, 2, 3)
(10434, 11, 30, 4, 2)
(10435, 24, 4, 6, 1)
(10436, 28, 8, 2, 2)
(10437, 4, 24, 2, 2)
(10438, 20, 1, 2, 1)
(10439, 13, 31, 6, 5)
(10440, 13, 33, 6, 2)
(10441, 35, 15, 4, 6)
(10442, 7, 30, 4, 2)
(10443, 8, 31, 6, 4)
(10444, 4, 22, 4, 4)
(10445, 8, 32, 4, 1)
(10446, 35, 8, 6, 6)
(10447, 27, 7, 4, 3)
(10448, 16, 34, 4, 6)
(10449, 11, 35, 6, 2)
(10450, 28, 3, 2, 1)
(10451, 27, 5, 2, 1)
(10452, 9, 36, 2, 4)
(10453, 29, 7, 6, 2)
(10454, 27, 6, 2, 6)
(10455, 5, 27, 6, 5)
(10456, 31, 4, 4, 5)
(10457, 1, 29, 4, 2)
(10458, 6, 36, 6, 2)
(10459, 6, 35, 4, 4)
(10460, 28, 1, 2, 5)
(10461, 28, 6, 4, 3)
(10462, 13, 32, 2, 3)
(10463, 6, 33, 4, 4)
(10464, 21, 2, 6, 1)
(10465, 8, 29, 2, 1)
(10466, 28, 10, 2, 3)
(10467, 20, 1, 4, 1)
(10468, 17, 36, 4, 5)
(10469, 26, 1, 4, 6)
(10470, 31, 9, 4, 4)
(10471, 9, 29, 4, 6)
(10472, 34, 9, 2, 3)
(10473, 36, 17, 2, 4)
(10474, 16, 34, 2, 4)
(10475, 35, 4, 4, 2)
(10476, 27, 5, 4, 6)
(10477, 1, 23, 6, 2)
(10478, 34, 4, 6, 2)
(10479, 20, 2, 2, 1)
(10480, 34, 5, 6, 1)
(10481, 34, 1, 4, 2)
(10482, 13, 35, 2, 2)
(10483, 8, 28, 4, 4)
(10484, 12, 32, 2, 6)
(10485, 18, 36, 2, 2)
(10486, 24, 6, 6, 3)
(10487, 13, 35, 2, 1)
(10488, 12, 30, 2, 5)
(10489, 13, 36, 2, 2)
(10490, 26, 4, 6, 2)
(10491, 23, 2, 4, 6)
(10492, 5, 35, 6, 1)
(10493, 3, 33, 2, 4)
(10494, 1, 20, 6, 5)
(10495, 15, 34, 6, 2)
(10496, 5, 33, 2, 5)
(10497, 19, 1, 6, 6)
(10498, 29, 10, 6, 5)
(10499, 30, 5, 6, 1)
(10500, 2, 26, 2, 5)
(10501, 28, 9, 2, 1)
(10502, 12, 30, 2, 6)
(10503, 33, 2, 2, 1)
(10504, 23, 4, 2, 1)
(10505, 1, 20, 4, 5)
(10506, 11, 35, 4, 3)
(10507, 33, 15, 6, 2)
(10508, 21, 1, 4, 2)
(10509, 11, 32, 4, 4)
(10510, 2, 23, 2, 6)
(10511, 28, 10, 6, 4)
(10512, 30, 2, 2, 5)
(10513, 29, 6, 4, 4)
(10514, 10, 33, 6, 3)
(10515, 14, 32, 4, 1)
(10516, 7, 35, 2, 2)
(10517, 34, 13, 2, 1)
(10518, 25, 3, 6, 1)
(10519, 18, 36, 6, 3)
(10520, 36, 4, 4, 5)
(10521, 36, 1, 2, 2)
(10522, 8, 29, 6, 2)
(10523, 28, 4, 6, 4)
(10524, 16, 36, 4, 2)
(10525, 35, 8, 6, 3)
(10526, 12, 35, 2, 3)
(10527, 35, 6, 2, 6)
(10528, 25, 3, 4, 1)
(10529, 10, 33, 2, 1)
(10530, 15, 33, 2, 4)
(10531, 24, 1, 2, 5)
(10532, 34, 13, 6, 6)
(10533, 10, 33, 6, 6)
(10534, 7, 28, 2, 3)
(10535, 36, 3, 6, 3)
(10536, 21, 3, 4, 5)
(10537, 4, 33, 2, 3)
(10538, 9, 33, 2, 2)
(10539, 3, 22, 4, 5)
(10540, 6, 24, 2, 1)
(10541, 33, 1, 4, 3)
(10542, 25, 3, 6, 2)
(10543, 33, 6, 2, 4)
(10544, 20, 2, 2, 5)
(10545, 5, 36, 4, 4)
(10546, 10, 31, 4, 2)
(10547, 1, 23, 2, 3)
(10548, 4, 26, 2, 4)
(10549, 22, 4, 6, 1)
(10550, 22, 1, 4, 4)
(10551, 29, 11, 2, 3)
(10552, 14, 36, 6, 5)
(10553, 11, 35, 4, 6)
(10554, 34, 3, 2, 5)
(10555, 14, 34, 4, 2)
(10556, 9, 34, 6, 4)
(10557, 13, 36, 2, 5)
(10558, 30, 10, 4, 3)
(10559, 34, 13, 4, 2)
(10560, 5, 36, 4, 4)
(10561, 11, 30, 4, 6)
(10562, 7, 29, 6, 2)
(10563, 12, 31, 4, 5)
(10564, 14, 32, 4, 2)
(10565, 17, 36, 6, 4)
(10566, 19, 1, 4, 6)
(10567, 1, 24, 2, 3)
(10568, 19, 1, 2, 2)
(10569, 10, 33, 4, 3)
(10570, 36, 15, 4, 2)
(10571, 2, 20, 2, 3)
(10572, 12, 30, 6, 5)
(10573, 6, 28, 2, 5)
(10574, 14, 35, 6, 4)
(10575, 2, 31, 2, 4)
(10576, 19, 1, 6, 6)
(10577, 7, 25, 6, 5)
(10578, 25, 2, 2, 3)
(10579, 11, 33, 6, 2)
(10580, 5, 30, 2, 4)
(10581, 32, 7, 6, 6)
(10582, 22, 3, 6, 3)
(10583, 3, 30, 6, 5)
(10584, 33, 8, 4, 4)
(10585, 13, 32, 6, 3)
(10586, 15, 36, 6, 1)
(10587, 8, 31, 4, 2)
(10588, 24, 6, 4, 6)
(10589, 26, 4, 6, 2)
(10590, 21, 3, 6, 3)
(10591, 10, 34, 4, 6)
(10592, 4, 33, 2, 3)
(10593, 4, 25, 2, 2)
(10594, 26, 7, 6, 3)
(10595, 23, 3, 2, 3)
(10596, 8, 33, 6, 3)
(10597, 3, 22, 6, 1)
(10598, 7, 29, 4, 2)
(10599, 2, 30, 2, 4)
(10600, 22, 4, 4, 1)
(10601, 19, 1, 4, 2)
(10602, 28, 6, 4, 2)
(10603, 3, 24, 6, 5)
(10604, 12, 32, 2, 6)
(10605, 21, 3, 4, 3)
(10606, 29, 8, 6, 1)
(10607, 25, 4, 4, 2)
(10608, 9, 28, 6, 4)
(10609, 20, 1, 6, 2)
(10610, 31, 7, 6, 4)
(10611, 16, 36, 4, 2)
(10612, 2, 23, 4, 5)
(10613, 34, 11, 2, 3)
(10614, 27, 7, 2, 2)
(10615, 20, 2, 4, 1)
(10616, 10, 31, 4, 4)
(10617, 13, 36, 4, 2)
(10618, 29, 1, 4, 2)
(10619, 36, 12, 6, 1)
(10620, 32, 14, 6, 1)
(10621, 20, 1, 4, 5)
(10622, 14, 36, 4, 5)
(10623, 4, 22, 2, 2)
(10624, 15, 35, 6, 3)
(10625, 20, 1, 2, 1)
(10626, 33, 5, 6, 1)
(10627, 18, 36, 4, 4)
(10628, 10, 30, 2, 6)
(10629, 25, 2, 2, 6)
(10630, 3, 22, 2, 4)
(10631, 36, 12, 2, 4)
(10632, 15, 36, 6, 4)
(10633, 2, 34, 2, 4)
(10634, 8, 36, 6, 3)
(10635, 5, 36, 2, 6)
(10636, 20, 2, 4, 3)
(10637, 15, 33, 4, 2)
(10638, 32, 9, 4, 6)
(10639, 20, 2, 4, 6)
(10640, 3, 27, 2, 1)
(10641, 4, 32, 2, 6)
(10642, 9, 27, 2, 2)
(10643, 26, 6, 2, 3)
(10644, 22, 4, 4, 4)
(10645, 35, 10, 2, 4)
(10646, 11, 32, 6, 3)
(10647, 10, 35, 2, 6)
(10648, 7, 36, 6, 4)
(10649, 1, 36, 4, 2)
(10650, 25, 2, 4, 1)
(10651, 5, 25, 4, 6)
(10652, 10, 30, 4, 1)
(10653, 1, 29, 6, 6)
(10654, 22, 1, 6, 5)
(10655, 6, 31, 4, 5)
(10656, 5, 23, 2, 5)
(10657, 34, 11, 6, 3)
(10658, 18, 36, 6, 2)
(10659, 4, 29, 4, 1)
(10660, 12, 34, 4, 5)
(10661, 26, 4, 6, 2)
(10662, 23, 5, 6, 3)
(10663, 21, 2, 2, 3)
(10664, 27, 4, 6, 6)
(10665, 18, 36, 2, 5)
(10666, 10, 31, 6, 4)
(10667, 15, 35, 6, 6)
(10668, 14, 32, 2, 2)
(10669, 12, 36, 2, 2)
(10670, 30, 2, 6, 5)
(10671, 13, 36, 6, 1)
(10672, 25, 1, 4, 4)
(10673, 36, 1, 2, 3)
(10674, 16, 36, 2, 5)
(10675, 21, 3, 2, 6)
(10676, 17, 35, 6, 6)
(10677, 23, 1, 4, 6)
(10678, 33, 13, 4, 6)
(10679, 28, 8, 6, 5)
(10680, 13, 35, 4, 6)
(10681, 31, 9, 4, 1)
(10682, 10, 28, 2, 4)
(10683, 7, 35, 4, 1)
(10684, 33, 8, 6, 6)
(10685, 27, 9, 4, 4)
(10686, 28, 2, 6, 3)
(10687, 14, 33, 6, 1)
(10688, 24, 6, 4, 2)
(10689, 30, 10, 6, 5)
(10690, 1, 27, 4, 6)
(10691, 17, 36, 4, 4)
(10692, 19, 1, 4, 5)
(10693, 36, 13, 2, 4)
(10694, 14, 33, 6, 4)
(10695, 34, 3, 6, 3)
(10696, 35, 11, 4, 3)
(10697, 18, 36, 6, 5)
(10698, 24, 2, 6, 4)
(10699, 9, 34, 6, 5)
(10700, 25, 7, 6, 1)
(10701, 20, 2, 2, 3)
(10702, 15, 35, 2, 4)
(10703, 14, 34, 4, 2)
(10704, 16, 36, 4, 2)
(10705, 23, 5, 4, 3)
(10706, 25, 6, 4, 2)
(10707, 16, 35, 4, 5)
(10708, 3, 35, 4, 4)
(10709, 23, 5, 4, 3)
(10710, 13, 32, 4, 6)
(10711, 35, 16, 2, 6)
(10712, 16, 34, 4, 4)
(10713, 18, 36, 2, 1)
(10714, 4, 29, 6, 2)
(10715, 10, 34, 4, 6)
(10716, 2, 36, 6, 2)
(10717, 12, 36, 4, 4)
(10718, 22, 2, 4, 2)
(10719, 3, 23, 6, 6)
(10720, 6, 35, 4, 2)
(10721, 25, 4, 2, 3)
(10722, 12, 33, 6, 3)
(10723, 31, 11, 2, 2)
(10724, 23, 3, 4, 5)
(10725, 9, 34, 6, 1)
(10726, 7, 33, 4, 3)
(10727, 21, 3, 4, 2)
(10728, 23, 1, 6, 6)
(10729, 4, 28, 4, 6)
(10730, 17, 36, 4, 3)
(10731, 30, 10, 2, 2)
(10732, 9, 35, 2, 3)
(10733, 10, 28, 4, 5)
(10734, 7, 28, 6, 2)
(10735, 13, 35, 4, 3)
(10736, 11, 30, 2, 2)
(10737, 26, 7, 6, 2)
(10738, 4, 32, 6, 6)
(10739, 20, 2, 6, 6)
(10740, 6, 28, 6, 2)
(10741, 6, 25, 4, 5)
(10742, 29, 9, 4, 1)
(10743, 19, 1, 2, 1)
(10744, 16, 35, 6, 1)
(10745, 28, 5, 4, 2)
(10746, 2, 31, 6, 4)
(10747, 31, 9, 4, 1)
(10748, 13, 36, 6, 5)
(10749, 35, 16, 6, 3)
(10750, 20, 2, 4, 4)
(10751, 5, 28, 4, 5)
(10752, 4, 24, 4, 2)
(10753, 4, 34, 6, 3)
(10754, 22, 1, 4, 2)
(10755, 21, 1, 6, 6)
(10756, 30, 2, 4, 1)
(10757, 3, 29, 2, 4)
(10758, 29, 2, 2, 2)
(10759, 12, 34, 2, 2)
(10760, 3, 24, 2, 6)
(10761, 5, 35, 6, 4)
(10762, 3, 21, 2, 2)
(10763, 3, 31, 2, 3)
(10764, 5, 30, 2, 6)
(10765, 13, 35, 4, 4)
(10766, 4, 34, 2, 5)
(10767, 28, 2, 6, 3)
(10768, 2, 20, 2, 4)
(10769, 27, 2, 4, 3)
(10770, 2, 36, 6, 1)
(10771, 23, 3, 4, 1)
(10772, 4, 23, 4, 5)
(10773, 12, 32, 4, 1)
(10774, 1, 32, 6, 3)
(10775, 23, 4, 6, 1)
(10776, 22, 2, 2, 5)
(10777, 36, 3, 4, 4)
(10778, 23, 5, 2, 2)
(10779, 26, 7, 6, 5)
(10780, 4, 26, 2, 4)
(10781, 24, 2, 6, 2)
(10782, 31, 13, 6, 6)
(10783, 14, 32, 6, 1)
(10784, 21, 3, 4, 4)
(10785, 21, 1, 6, 3)
(10786, 4, 25, 4, 2)
(10787, 4, 30, 2, 1)
(10788, 3, 23, 6, 6)
(10789, 22, 1, 4, 5)
(10790, 20, 1, 4, 6)
(10791, 15, 36, 4, 1)
(10792, 5, 25, 4, 2)
(10793, 23, 3, 2, 4)
(10794, 2, 33, 4, 4)
(10795, 22, 1, 2, 2)
(10796, 25, 2, 4, 1)
(10797, 24, 5, 6, 4)
(10798, 27, 6, 4, 6)
(10799, 24, 3, 6, 5)
(10800, 7, 27, 2, 2)
(10801, 19, 1, 6, 4)
(10802, 36, 17, 2, 4)
(10803, 29, 11, 6, 1)
(10804, 23, 4, 4, 6)
(10805, 26, 2, 6, 4)
(10806, 16, 36, 6, 3)
(10807, 12, 33, 4, 1)
(10808, 22, 4, 2, 5)
(10809, 7, 25, 6, 4)
(10810, 29, 1, 4, 4)
(10811, 18, 36, 4, 2)
(10812, 30, 9, 4, 6)
(10813, 32, 13, 2, 3)
(10814, 36, 17, 4, 2)
(10815, 2, 21, 6, 5)
(10816, 31, 13, 2, 2)
(10817, 23, 4, 2, 5)
(10818, 22, 1, 6, 4)
(10819, 13, 35, 2, 4)
(10820, 30, 6, 6, 1)
(10821, 2, 23, 2, 5)
(10822, 15, 35, 6, 6)
(10823, 33, 15, 2, 1)
(10824, 32, 10, 4, 4)
(10825, 2, 21, 6, 1)
(10826, 24, 6, 4, 6)
(10827, 18, 36, 2, 1)
(10828, 6, 29, 4, 3)
(10829, 3, 29, 2, 5)
(10830, 23, 2, 2, 4)
(10831, 17, 35, 4, 4)
(10832, 26, 3, 6, 2)
(10833, 10, 35, 2, 5)
(10834, 28, 8, 2, 6)
(10835, 2, 23, 6, 1)
(10836, 31, 5, 6, 1)
(10837, 23, 1, 2, 5)
(10838, 23, 1, 2, 6)
(10839, 13, 33, 4, 2)
(10840, 6, 36, 2, 3)
(10841, 29, 10, 6, 3)
(10842, 18, 36, 2, 4)
(10843, 10, 35, 2, 6)
(10844, 23, 1, 4, 1)
(10845, 32, 12, 2, 6)
(10846, 30, 6, 6, 2)
(10847, 1, 34, 4, 3)
(10848, 18, 36, 2, 4)
(10849, 29, 7, 2, 1)
(10850, 25, 3, 4, 1)
(10851, 31, 7, 6, 6)
(10852, 24, 5, 4, 5)
(10853, 29, 1, 6, 6)
(10854, 12, 35, 2, 6)
(10855, 36, 12, 6, 5)
(10856, 1, 32, 2, 4)
(10857, 24, 6, 4, 6)
(10858, 2, 24, 6, 3)
(10859, 35, 14, 2, 6)
(10860, 16, 35, 4, 4)
(10861, 25, 4, 4, 3)
(10862, 15, 35, 2, 4)
(10863, 8, 29, 6, 6)
(10864, 18, 36, 6, 3)
(10865, 35, 16, 4, 3)
(10866, 19, 1, 6, 6)
(10867, 21, 3, 6, 3)
(10868, 29, 11, 2, 1)
(10869, 36, 7, 2, 2)
(10870, 29, 4, 4, 2)
(10871, 13, 36, 4, 3)
(10872, 13, 36, 4, 6)
(10873, 24, 2, 4, 2)
(10874, 29, 11, 2, 1)
(10875, 16, 34, 2, 6)
(10876, 16, 35, 4, 6)
(10877, 31, 5, 4, 4)
(10878, 21, 2, 4, 6)
(10879, 24, 2, 2, 3)
(10880, 28, 6, 2, 4)
(10881, 3, 21, 4, 3)
(10882, 11, 30, 6, 4)
(10883, 1, 20, 2, 6)
(10884, 31, 6, 4, 5)
(10885, 30, 3, 2, 4)
(10886, 5, 27, 4, 6)
(10887, 22, 3, 6, 5)
(10888, 31, 13, 2, 1)
(10889, 6, 26, 2, 3)
(10890, 35, 12, 2, 2)
(10891, 6, 36, 2, 2)
(10892, 5, 24, 2, 6)
(10893, 2, 26, 4, 4)
(10894, 24, 1, 6, 1)
(10895, 23, 5, 4, 4)
(10896, 1, 33, 2, 2)
(10897, 14, 35, 6, 5)
(10898, 26, 6, 4, 5)
(10899, 25, 4, 2, 3)
(10900, 36, 3, 4, 4)
(10901, 6, 29, 6, 1)
(10902, 22, 1, 6, 2)
(10903, 26, 3, 4, 3)
(10904, 26, 2, 2, 6)
(10905, 23, 2, 6, 4)
(10906, 28, 7, 4, 6)
(10907, 2, 36, 6, 5)
(10908, 28, 7, 6, 4)
(10909, 6, 29, 2, 3)
(10910, 19, 1, 6, 5)
(10911, 14, 35, 4, 6)
(10912, 17, 36, 6, 1)
(10913, 29, 2, 2, 4)
(10914, 14, 36, 2, 4)
(10915, 13, 32, 2, 3)
(10916, 12, 36, 6, 3)
(10917, 14, 32, 4, 1)
(10918, 15, 33, 6, 3)
(10919, 31, 1, 6, 5)
(10920, 5, 30, 2, 1)
(10921, 34, 7, 2, 5)
(10922, 14, 34, 2, 2)
(10923, 34, 6, 2, 2)
(10924, 21, 1, 4, 2)
(10925, 21, 1, 6, 2)
(10926, 22, 1, 4, 1)
(10927, 35, 17, 4, 4)
(10928, 19, 1, 6, 1)
(10929, 29, 4, 4, 2)
(10930, 27, 5, 2, 5)
(10931, 14, 32, 6, 1)
(10932, 2, 25, 2, 4)
(10933, 18, 36, 2, 2)
(10934, 28, 6, 4, 4)
(10935, 23, 2, 2, 6)
(10936, 16, 35, 4, 3)
(10937, 6, 26, 2, 3)
(10938, 16, 35, 4, 5)
(10939, 30, 12, 6, 2)
(10940, 31, 4, 2, 2)
(10941, 9, 28, 2, 3)
(10942, 17, 35, 2, 5)
(10943, 30, 10, 4, 2)
(10944, 16, 36, 6, 3)
(10945, 4, 35, 2, 4)
(10946, 28, 6, 2, 1)
(10947, 13, 31, 2, 6)
(10948, 7, 33, 6, 5)
(10949, 35, 3, 4, 5)
(10950, 20, 2, 4, 3)
(10951, 34, 6, 6, 2)
(10952, 5, 24, 2, 6)
(10953, 32, 8, 6, 1)
(10954, 12, 32, 4, 4)
(10955, 4, 35, 2, 1)
(10956, 32, 1, 6, 6)
(10957, 7, 30, 2, 5)
(10958, 29, 2, 4, 3)
(10959, 6, 24, 6, 6)
(10960, 13, 33, 4, 6)
(10961, 22, 4, 6, 6)
(10962, 6, 32, 2, 4)
(10963, 4, 25, 2, 1)
(10964, 19, 1, 2, 2)
(10965, 14, 34, 6, 1)
(10966, 3, 35, 6, 4)
(10967, 4, 33, 2, 3)
(10968, 32, 7, 6, 2)
(10969, 33, 2, 6, 3)
(10970, 32, 10, 6, 3)
(10971, 24, 5, 6, 3)
(10972, 7, 33, 6, 6)
(10973, 25, 7, 4, 1)
(10974, 14, 35, 2, 5)
(10975, 24, 4, 4, 2)
(10976, 5, 28, 2, 1)
(10977, 3, 32, 6, 2)
(10978, 2, 33, 4, 6)
(10979, 8, 35, 6, 6)
(10980, 7, 32, 2, 2)
(10981, 21, 1, 2, 1)
(10982, 8, 35, 6, 3)
(10983, 1, 23, 6, 2)
(10984, 32, 3, 4, 3)
(10985, 5, 27, 2, 5)
(10986, 10, 29, 6, 5)
(10987, 19, 1, 6, 4)
(10988, 31, 9, 4, 6)
(10989, 22, 3, 6, 2)
(10990, 18, 36, 2, 3)
(10991, 3, 27, 6, 6)
(10992, 31, 13, 4, 5)
(10993, 18, 36, 2, 3)
(10994, 8, 29, 6, 1)
(10995, 13, 31, 4, 4)
(10996, 21, 3, 6, 3)
(10997, 8, 33, 6, 5)
(10998, 7, 30, 2, 1)
(10999, 11, 30, 6, 3)
(11000, 2, 30, 4, 3)
(11001, 7, 31, 4, 3)
(11002, 10, 35, 6, 2)
(11003, 22, 3, 6, 2)
(11004, 35, 9, 6, 6)
(11005, 19, 1, 6, 5)
(11006, 17, 35, 6, 3)
(11007, 3, 26, 6, 5)
(11008, 4, 27, 6, 2)
(11009, 30, 7, 6, 1)
(11010, 24, 5, 4, 1)
(11011, 21, 1, 2, 6)
(11012, 15, 34, 6, 4)
(11013, 18, 36, 2, 1)
(11014, 7, 32, 4, 4)
(11015, 9, 36, 2, 5)
(11016, 28, 4, 6, 3)
(11017, 27, 3, 6, 1)
(11018, 12, 35, 6, 1)
(11019, 36, 8, 2, 1)
(11020, 22, 2, 2, 4)
(11021, 21, 3, 4, 5)
(11022, 4, 24, 4, 3)
(11023, 26, 8, 4, 5)
(11024, 19, 1, 6, 4)
(11025, 10, 31, 4, 6)
(11026, 2, 34, 4, 4)
(11027, 28, 6, 6, 4)
(11028, 22, 2, 2, 2)
(11029, 3, 23, 2, 1)
(11030, 33, 7, 2, 6)
(11031, 2, 27, 6, 4)
(11032, 6, 33, 2, 4)
(11033, 7, 29, 2, 6)
(11034, 19, 1, 4, 2)
(11035, 18, 36, 6, 5)
(11036, 31, 12, 2, 2)
(11037, 1, 34, 4, 3)
(11038, 26, 8, 4, 4)
(11039, 29, 11, 2, 6)
(11040, 16, 35, 4, 6)
(11041, 28, 4, 4, 1)
(11042, 9, 29, 4, 5)
(11043, 34, 14, 6, 5)
(11044, 5, 31, 6, 1)
(11045, 5, 28, 2, 3)
(11046, 9, 36, 4, 5)
(11047, 8, 35, 2, 4)
(11048, 21, 3, 6, 2)
(11049, 16, 35, 6, 2)
(11050, 32, 14, 4, 3)
(11051, 29, 2, 2, 6)
(11052, 7, 35, 6, 6)
(11053, 29, 7, 2, 2)
(11054, 12, 30, 2, 3)
(11055, 25, 5, 2, 5)
(11056, 19, 1, 4, 2)
(11057, 21, 1, 6, 1)
(11058, 32, 1, 6, 5)
(11059, 22, 4, 2, 3)
(11060, 1, 31, 6, 4)
(11061, 12, 34, 6, 5)
(11062, 26, 7, 4, 5)
(11063, 2, 28, 2, 4)
(11064, 6, 29, 4, 4)
(11065, 22, 1, 4, 4)
(11066, 2, 21, 4, 3)
(11067, 2, 27, 4, 4)
(11068, 36, 14, 2, 6)
(11069, 33, 6, 2, 2)
(11070, 36, 15, 2, 6)
(11071, 34, 1, 4, 6)
(11072, 7, 30, 2, 1)
(11073, 23, 5, 2, 4)
(11074, 10, 30, 6, 4)
(11075, 28, 9, 6, 5)
(11076, 31, 1, 2, 4)
(11077, 13, 33, 2, 2)
(11078, 15, 35, 6, 5)
(11079, 4, 36, 6, 1)
(11080, 24, 1, 2, 5)
(11081, 1, 36, 6, 5)
(11082, 5, 35, 2, 5)
(11083, 12, 31, 2, 4)
(11084, 8, 33, 4, 2)
(11085, 29, 11, 4, 4)
(11086, 23, 4, 2, 1)
(11087, 17, 35, 4, 5)
(11088, 29, 5, 6, 2)
(11089, 10, 34, 2, 3)
(11090, 18, 36, 2, 3)
(11091, 6, 24, 6, 2)
(11092, 19, 1, 2, 6)
(11093, 5, 28, 4, 1)
(11094, 8, 28, 2, 5)
(11095, 31, 7, 2, 4)
(11096, 17, 35, 4, 3)
(11097, 25, 4, 2, 5)
(11098, 14, 36, 4, 6)
(11099, 16, 36, 4, 2)
(11100, 14, 33, 4, 2)
(11101, 9, 33, 4, 1)
(11102, 17, 36, 4, 3)
(11103, 33, 14, 2, 6)
(11104, 15, 33, 4, 3)
(11105, 20, 2, 2, 3)
(11106, 33, 5, 4, 6)
(11107, 17, 36, 4, 2)
(11108, 14, 32, 4, 4)
(11109, 3, 23, 4, 2)
(11110, 26, 7, 2, 1)
(11111, 35, 16, 4, 6)
(11112, 18, 36, 2, 1)
(11113, 30, 4, 2, 1)
(11114, 16, 36, 6, 3)
(11115, 36, 1, 6, 2)
(11116, 1, 30, 6, 1)
(11117, 31, 6, 4, 6)
(11118, 12, 35, 2, 3)
(11119, 5, 36, 6, 4)
(11120, 10, 36, 4, 1)
(11121, 10, 31, 6, 2)
(11122, 16, 36, 6, 4)
(11123, 15, 35, 2, 2)
(11124, 21, 2, 4, 2)
(11125, 3, 29, 2, 6)
(11126, 20, 1, 6, 5)
(11127, 4, 29, 6, 5)
(11128, 30, 6, 2, 1)
(11129, 21, 2, 6, 2)
(11130, 9, 31, 2, 6)
(11131, 11, 31, 6, 6)
(11132, 5, 30, 2, 6)
(11133, 10, 32, 6, 3)
(11134, 3, 23, 2, 5)
(11135, 3, 24, 4, 5)
(11136, 25, 1, 2, 6)
(11137, 17, 36, 2, 1)
(11138, 30, 11, 4, 5)
(11139, 31, 3, 2, 1)
(11140, 6, 29, 2, 2)
(11141, 22, 2, 4, 3)
(11142, 36, 11, 6, 3)
(11143, 8, 27, 6, 6)
(11144, 18, 36, 4, 2)
(11145, 9, 33, 4, 2)
(11146, 13, 36, 4, 3)
(11147, 33, 15, 2, 3)
(11148, 9, 33, 4, 2)
(11149, 32, 14, 4, 3)
(11150, 21, 2, 4, 6)
(11151, 30, 1, 2, 5)
(11152, 21, 1, 2, 6)
(11153, 2, 27, 4, 5)
(11154, 1, 21, 2, 4)
(11155, 21, 1, 4, 5)
(11156, 20, 2, 4, 3)
(11157, 34, 9, 2, 6)
(11158, 16, 36, 6, 5)
(11159, 7, 26, 2, 2)
(11160, 36, 4, 6, 3)
(11161, 16, 36, 4, 2)
(11162, 2, 26, 2, 4)
(11163, 16, 36, 6, 1)
(11164, 16, 36, 4, 6)
(11165, 7, 33, 6, 5)
(11166, 29, 3, 2, 4)
(11167, 2, 24, 4, 6)
(11168, 24, 1, 6, 5)
(11169, 31, 6, 6, 3)
(11170, 36, 3, 6, 1)
(11171, 30, 5, 6, 5)
(11172, 16, 36, 2, 2)
(11173, 28, 7, 4, 6)
(11174, 8, 36, 6, 4)
(11175, 26, 4, 4, 1)
(11176, 2, 28, 6, 4)
(11177, 28, 3, 2, 4)
(11178, 27, 5, 2, 2)
(11179, 26, 4, 4, 4)
(11180, 29, 9, 6, 6)
(11181, 7, 27, 4, 2)
(11182, 4, 29, 2, 5)
(11183, 22, 4, 6, 5)
(11184, 1, 36, 2, 2)
(11185, 11, 33, 2, 3)
(11186, 25, 4, 4, 5)
(11187, 12, 33, 6, 6)
(11188, 9, 29, 6, 4)
(11189, 7, 30, 2, 6)
(11190, 10, 33, 4, 4)
(11191, 8, 33, 2, 4)
(11192, 2, 22, 6, 5)
(11193, 10, 36, 6, 3)
(11194, 34, 12, 4, 1)
(11195, 35, 9, 6, 5)
(11196, 24, 2, 2, 5)
(11197, 7, 27, 6, 4)
(11198, 7, 36, 6, 5)
(11199, 2, 33, 2, 3)
(11200, 15, 35, 2, 3)
(11201, 19, 1, 6, 3)
(11202, 17, 35, 4, 5)
(11203, 3, 21, 4, 2)
(11204, 15, 35, 2, 3)
(11205, 22, 4, 2, 6)
(11206, 4, 22, 6, 1)
(11207, 24, 4, 6, 5)
(11208, 31, 9, 6, 3)
(11209, 7, 30, 2, 1)
(11210, 10, 35, 4, 5)
(11211, 15, 33, 2, 2)
(11212, 33, 15, 6, 1)
(11213, 26, 4, 2, 1)
(11214, 14, 33, 4, 1)
(11215, 9, 30, 2, 2)
(11216, 20, 2, 6, 5)
(11217, 8, 26, 6, 5)
(11218, 14, 35, 6, 1)
(11219, 3, 22, 6, 2)
(11220, 27, 1, 2, 5)
(11221, 36, 4, 6, 2)
(11222, 17, 36, 6, 2)
(11223, 22, 2, 6, 1)
(11224, 13, 36, 2, 2)
(11225, 35, 3, 6, 1)
(11226, 28, 10, 2, 3)
(11227, 15, 36, 6, 5)
(11228, 21, 2, 6, 5)
(11229, 7, 27, 6, 4)
(11230, 24, 6, 2, 1)
(11231, 28, 10, 4, 4)
(11232, 36, 7, 6, 5)
(11233, 23, 4, 6, 6)
(11234, 36, 7, 4, 3)
(11235, 14, 33, 6, 3)
(11236, 22, 1, 2, 6)
(11237, 3, 25, 4, 3)
(11238, 23, 5, 6, 3)
(11239, 26, 7, 4, 3)
(11240, 14, 34, 4, 3)
(11241, 32, 11, 4, 1)
(11242, 8, 29, 4, 5)
(11243, 13, 32, 4, 4)
(11244, 3, 27, 6, 4)
(11245, 18, 36, 4, 6)
(11246, 27, 1, 6, 3)
(11247, 10, 28, 6, 1)
(11248, 1, 25, 2, 5)
(11249, 23, 2, 2, 6)
(11250, 29, 8, 2, 5)
(11251, 27, 5, 2, 1)
(11252, 30, 6, 2, 5)
(11253, 19, 1, 2, 2)
(11254, 20, 1, 2, 4)
(11255, 19, 1, 2, 6)
(11256, 16, 36, 4, 4)
(11257, 6, 25, 6, 4)
(11258, 3, 27, 6, 4)
(11259, 29, 1, 2, 5)
(11260, 3, 27, 4, 1)
(11261, 14, 33, 4, 1)
(11262, 25, 2, 2, 1)
(11263, 31, 10, 6, 4)
(11264, 26, 5, 4, 6)
(11265, 31, 13, 4, 5)
(11266, 34, 13, 4, 3)
(11267, 18, 36, 6, 5)
(11268, 21, 3, 6, 4)
(11269, 24, 5, 6, 4)
(11270, 8, 31, 6, 6)
(11271, 7, 26, 6, 2)
(11272, 23, 2, 2, 4)
(11273, 12, 36, 6, 5)
(11274, 36, 10, 4, 4)
(11275, 2, 36, 4, 3)
(11276, 11, 30, 4, 3)
(11277, 14, 36, 2, 5)
(11278, 35, 13, 6, 2)
(11279, 10, 30, 6, 5)
(11280, 23, 3, 2, 6)
(11281, 13, 35, 4, 3)
(11282, 12, 34, 2, 1)
(11283, 7, 26, 6, 5)
(11284, 14, 32, 6, 1)
(11285, 28, 7, 4, 6)
(11286, 24, 4, 6, 2)
(11287, 18, 36, 2, 3)
(11288, 6, 24, 4, 4)
(11289, 25, 1, 4, 1)
(11290, 6, 35, 2, 4)
(11291, 4, 28, 2, 2)
(11292, 12, 32, 2, 4)
(11293, 26, 5, 2, 1)
(11294, 17, 35, 2, 6)
(11295, 14, 32, 4, 6)
(11296, 28, 7, 2, 6)
(11297, 12, 31, 6, 6)
(11298, 15, 35, 6, 5)
(11299, 18, 36, 2, 3)
(11300, 33, 12, 2, 3)
(11301, 26, 7, 6, 3)
(11302, 4, 32, 4, 6)
(11303, 8, 34, 6, 4)
(11304, 24, 4, 6, 2)
(11305, 23, 5, 2, 6)
(11306, 32, 14, 6, 3)
(11307, 1, 35, 6, 2)
(11308, 6, 31, 6, 1)
(11309, 18, 36, 4, 3)
(11310, 2, 29, 4, 5)
(11311, 18, 36, 6, 2)
(11312, 7, 33, 4, 2)
(11313, 9, 30, 2, 3)
(11314, 31, 4, 6, 4)
(11315, 1, 34, 2, 1)
(11316, 5, 35, 4, 1)
(11317, 23, 4, 2, 2)
(11318, 31, 13, 2, 2)
(11319, 12, 31, 4, 6)
(11320, 19, 1, 4, 4)
(11321, 29, 4, 4, 2)
(11322, 18, 36, 4, 3)
(11323, 23, 4, 4, 2)
(11324, 33, 3, 6, 6)
(11325, 22, 3, 4, 6)
(11326, 30, 8, 6, 6)
(11327, 6, 31, 6, 6)
(11328, 31, 12, 6, 4)
(11329, 4, 34, 4, 6)
(11330, 7, 30, 6, 6)
(11331, 9, 36, 4, 6)
(11332, 28, 7, 4, 1)
(11333, 7, 33, 2, 5)
(11334, 9, 33, 2, 1)
(11335, 10, 35, 6, 5)
(11336, 22, 2, 4, 4)
(11337, 31, 10, 6, 1)
(11338, 12, 34, 6, 3)
(11339, 7, 29, 2, 2)
(11340, 10, 33, 4, 6)
(11341, 14, 34, 2, 2)
(11342, 26, 8, 2, 6)
(11343, 35, 13, 2, 6)
(11344, 14, 36, 2, 4)
(11345, 20, 1, 6, 4)
(11346, 32, 1, 4, 4)
(11347, 28, 7, 2, 6)
(11348, 33, 5, 6, 2)
(11349, 5, 24, 4, 4)
(11350, 28, 5, 6, 1)
(11351, 15, 36, 4, 5)
(11352, 16, 36, 4, 3)
(11353, 35, 3, 2, 2)
(11354, 7, 33, 2, 4)
(11355, 9, 36, 4, 5)
(11356, 17, 35, 6, 5)
(11357, 19, 1, 6, 5)
(11358, 12, 36, 6, 5)
(11359, 35, 12, 6, 3)
(11360, 26, 7, 4, 5)
(11361, 31, 1, 4, 1)
(11362, 11, 29, 4, 5)
(11363, 19, 1, 6, 2)
(11364, 1, 19, 6, 6)
(11365, 24, 5, 6, 2)
(11366, 1, 24, 6, 2)
(11367, 26, 4, 2, 2)
(11368, 21, 2, 6, 2)
(11369, 34, 3, 4, 4)
(11370, 30, 1, 4, 3)
(11371, 4, 26, 6, 2)
(11372, 17, 36, 2, 2)
(11373, 25, 4, 4, 4)
(11374, 34, 10, 6, 4)
(11375, 6, 33, 4, 3)
(11376, 10, 33, 2, 1)
(11377, 18, 36, 6, 6)
(11378, 26, 6, 2, 3)
(11379, 28, 6, 2, 2)
(11380, 6, 25, 2, 1)
(11381, 35, 1, 6, 3)
(11382, 31, 4, 4, 1)
(11383, 12, 35, 6, 3)
(11384, 6, 30, 2, 3)
(11385, 7, 33, 6, 4)
(11386, 4, 23, 6, 4)
(11387, 2, 36, 4, 5)
(11388, 14, 32, 4, 1)
(11389, 31, 2, 4, 3)
(11390, 9, 35, 4, 2)
(11391, 18, 36, 6, 6)
(11392, 27, 5, 2, 3)
(11393, 8, 28, 4, 5)
(11394, 17, 35, 2, 4)
(11395, 31, 11, 4, 4)
(11396, 8, 29, 2, 1)
(11397, 27, 8, 6, 4)
(11398, 18, 36, 4, 4)
(11399, 34, 2, 2, 5)
(11400, 3, 26, 2, 4)
(11401, 35, 5, 2, 1)
(11402, 21, 2, 6, 2)
(11403, 19, 1, 6, 1)
(11404, 14, 34, 6, 1)
(11405, 31, 3, 2, 6)
(11406, 13, 35, 4, 2)
(11407, 1, 33, 6, 5)
(11408, 36, 16, 2, 5)
(11409, 5, 28, 6, 6)
(11410, 30, 5, 2, 6)
(11411, 15, 33, 6, 1)
(11412, 9, 35, 6, 4)
(11413, 28, 8, 6, 3)
(11414, 22, 1, 4, 3)
(11415, 27, 2, 2, 6)
(11416, 33, 12, 6, 3)
(11417, 25, 4, 2, 3)
(11418, 32, 10, 2, 2)
(11419, 15, 34, 2, 2)
(11420, 2, 30, 2, 3)
(11421, 9, 33, 2, 4)
(11422, 12, 36, 4, 3)
(11423, 23, 4, 6, 4)
(11424, 2, 33, 4, 3)
(11425, 24, 4, 6, 3)
(11426, 4, 29, 2, 4)
(11427, 25, 3, 6, 2)
(11428, 31, 4, 2, 4)
(11429, 35, 9, 6, 4)
(11430, 18, 36, 4, 1)
(11431, 19, 1, 4, 5)
(11432, 25, 7, 2, 3)
(11433, 28, 6, 2, 3)
(11434, 18, 36, 6, 3)
(11435, 30, 11, 4, 1)
(11436, 26, 1, 4, 6)
(11437, 25, 2, 4, 6)
(11438, 24, 3, 4, 2)
(11439, 7, 33, 2, 2)
(11440, 18, 36, 4, 2)
(11441, 13, 31, 6, 6)
(11442, 20, 1, 6, 4)
(11443, 22, 4, 2, 3)
(11444, 2, 34, 4, 4)
(11445, 35, 9, 4, 4)
(11446, 29, 8, 4, 1)
(11447, 6, 30, 4, 3)
(11448, 20, 1, 2, 3)
(11449, 12, 30, 2, 5)
(11450, 10, 33, 6, 6)
(11451, 26, 7, 4, 6)
(11452, 32, 3, 2, 4)
(11453, 6, 24, 4, 6)
(11454, 6, 25, 2, 2)
(11455, 28, 3, 6, 3)
(11456, 5, 25, 2, 1)
(11457, 17, 35, 6, 4)
(11458, 35, 10, 2, 4)
(11459, 31, 10, 4, 4)
(11460, 34, 5, 2, 2)
(11461, 22, 2, 6, 2)
(11462, 26, 6, 4, 1)
(11463, 24, 4, 4, 2)
(11464, 3, 33, 6, 3)
(11465, 21, 1, 2, 6)
(11466, 32, 5, 4, 4)
(11467, 18, 36, 2, 6)
(11468, 10, 33, 2, 2)
(11469, 15, 35, 4, 6)
(11470, 4, 27, 2, 2)
(11471, 23, 5, 6, 2)
(11472, 22, 1, 2, 1)
(11473, 29, 8, 6, 2)
(11474, 7, 25, 6, 3)
(11475, 10, 33, 2, 2)
(11476, 27, 1, 2, 1)
(11477, 11, 34, 2, 5)
(11478, 7, 26, 6, 1)
(11479, 24, 4, 2, 6)
(11480, 3, 22, 4, 4)
(11481, 2, 33, 2, 5)
(11482, 35, 3, 6, 5)
(11483, 29, 9, 6, 3)
(11484, 34, 9, 2, 6)
(11485, 14, 33, 6, 5)
(11486, 25, 2, 6, 5)
(11487, 14, 35, 4, 5)
(11488, 25, 1, 2, 6)
(11489, 1, 33, 6, 6)
(11490, 18, 36, 2, 3)
(11491, 5, 36, 6, 3)
(11492, 1, 24, 2, 6)
(11493, 31, 6, 2, 6)
(11494, 15, 35, 6, 3)
(11495, 1, 24, 6, 6)
(11496, 36, 1, 2, 2)
(11497, 33, 4, 6, 6)
(11498, 19, 1, 4, 4)
(11499, 3, 36, 2, 6)
(11500, 12, 30, 2, 2)
(11501, 20, 1, 4, 6)
(11502, 14, 32, 2, 4)
(11503, 31, 8, 4, 5)
(11504, 13, 31, 2, 1)
(11505, 8, 26, 4, 3)
(11506, 7, 25, 2, 4)
(11507, 33, 5, 6, 5)
(11508, 11, 35, 6, 2)
(11509, 5, 31, 2, 5)
(11510, 24, 5, 4, 1)
(11511, 20, 2, 4, 4)
(11512, 23, 5, 4, 5)
(11513, 33, 14, 4, 6)
(11514, 5, 25, 4, 3)
(11515, 12, 35, 2, 3)
(11516, 30, 3, 2, 5)
(11517, 3, 25, 4, 1)
(11518, 8, 35, 4, 1)
(11519, 12, 36, 6, 6)
(11520, 18, 36, 4, 1)
(11521, 22, 4, 6, 6)
(11522, 31, 1, 4, 4)
(11523, 12, 35, 6, 5)
(11524, 29, 9, 4, 4)
(11525, 19, 1, 2, 1)
(11526, 10, 29, 2, 5)
(11527, 20, 2, 4, 6)
(11528, 7, 29, 6, 1)
(11529, 13, 36, 4, 3)
(11530, 16, 36, 4, 6)
(11531, 16, 35, 4, 5)
(11532, 3, 36, 2, 4)
(11533, 13, 36, 4, 3)
(11534, 26, 4, 6, 5)
(11535, 33, 15, 4, 1)
(11536, 30, 5, 4, 2)
(11537, 26, 2, 4, 1)
(11538, 6, 27, 2, 2)
(11539, 17, 35, 4, 5)
(11540, 10, 34, 2, 3)
(11541, 30, 8, 6, 3)
(11542, 16, 36, 4, 4)
(11543, 25, 6, 2, 2)
(11544, 22, 3, 2, 2)
(11545, 16, 36, 2, 5)
(11546, 13, 34, 4, 6)
(11547, 11, 31, 2, 6)
(11548, 33, 9, 6, 3)
(11549, 35, 16, 6, 2)
(11550, 9, 34, 6, 2)
(11551, 22, 4, 4, 4)
(11552, 36, 1, 4, 5)
(11553, 27, 5, 2, 3)
(11554, 2, 24, 6, 6)
(11555, 18, 36, 4, 3)
(11556, 36, 9, 6, 5)
(11557, 5, 35, 2, 1)
(11558, 9, 33, 6, 3)
(11559, 23, 1, 6, 4)
(11560, 22, 1, 6, 2)
(11561, 11, 29, 6, 2)
(11562, 18, 36, 4, 1)
(11563, 17, 36, 6, 6)
(11564, 10, 32, 2, 4)
(11565, 9, 29, 2, 5)
(11566, 20, 2, 4, 3)
(11567, 9, 35, 4, 6)
(11568, 26, 5, 4, 6)
(11569, 18, 36, 2, 1)
(11570, 20, 1, 6, 5)
(11571, 26, 8, 6, 2)
(11572, 29, 5, 2, 4)
(11573, 2, 33, 4, 6)
(11574, 22, 1, 2, 6)
(11575, 12, 31, 2, 3)
(11576, 9, 34, 2, 4)
(11577, 16, 36, 2, 4)
(11578, 17, 36, 6, 4)
(11579, 14, 32, 6, 4)
(11580, 23, 2, 6, 4)
(11581, 19, 1, 2, 1)
(11582, 8, 31, 6, 6)
(11583, 30, 6, 2, 5)
(11584, 14, 35, 2, 5)
(11585, 32, 12, 6, 6)
(11586, 20, 1, 2, 3)
(11587, 12, 34, 6, 3)
(11588, 2, 25, 2, 5)
(11589, 24, 2, 6, 3)
(11590, 8, 32, 6, 1)
(11591, 25, 3, 4, 2)
(11592, 19, 1, 4, 3)
(11593, 11, 36, 6, 1)
(11594, 24, 1, 4, 6)
(11595, 8, 34, 6, 2)
(11596, 12, 36, 6, 6)
(11597, 20, 2, 2, 4)
(11598, 12, 31, 2, 4)
(11599, 17, 35, 4, 2)
(11600, 26, 4, 2, 2)
(11601, 20, 2, 4, 3)
(11602, 32, 4, 4, 2)
(11603, 26, 8, 4, 3)
(11604, 26, 3, 2, 4)
(11605, 5, 27, 2, 4)
(11606, 3, 36, 2, 2)
(11607, 36, 6, 2, 6)
(11608, 26, 3, 2, 6)
(11609, 34, 10, 4, 3)
(11610, 17, 35, 6, 4)
(11611, 34, 3, 6, 2)
(11612, 4, 33, 4, 5)
(11613, 7, 30, 4, 6)
(11614, 5, 33, 4, 4)
(11615, 11, 32, 6, 2)
(11616, 22, 3, 4, 1)
(11617, 2, 21, 4, 2)
(11618, 3, 28, 6, 5)
(11619, 4, 33, 4, 1)
(11620, 28, 5, 4, 3)
(11621, 2, 22, 4, 5)
(11622, 25, 5, 6, 4)
(11623, 19, 1, 4, 5)
(11624, 11, 29, 2, 6)
(11625, 4, 25, 6, 4)
(11626, 35, 3, 6, 2)
(11627, 30, 5, 4, 2)
(11628, 26, 2, 6, 4)
(11629, 6, 36, 2, 4)
(11630, 15, 36, 6, 6)
(11631, 24, 2, 4, 2)
(11632, 16, 35, 2, 4)
(11633, 17, 36, 4, 4)
(11634, 19, 1, 6, 6)
(11635, 2, 35, 4, 3)
(11636, 18, 36, 2, 2)
(11637, 23, 4, 4, 3)
(11638, 4, 29, 4, 5)
(11639, 17, 35, 6, 4)
(11640, 22, 4, 4, 2)
(11641, 24, 3, 2, 6)
(11642, 35, 3, 2, 4)
(11643, 31, 13, 4, 1)
(11644, 26, 5, 4, 6)
(11645, 17, 35, 2, 6)
(11646, 29, 2, 2, 4)
(11647, 3, 27, 6, 6)
(11648, 32, 8, 4, 3)
(11649, 18, 36, 2, 5)
(11650, 24, 6, 4, 5)
(11651, 29, 7, 4, 2)
(11652, 3, 31, 6, 2)
(11653, 16, 34, 2, 6)
(11654, 12, 32, 6, 2)
(11655, 8, 36, 4, 5)
(11656, 23, 1, 4, 5)
(11657, 7, 34, 4, 4)
(11658, 5, 28, 6, 4)
(11659, 17, 35, 6, 1)
(11660, 27, 1, 4, 5)
(11661, 33, 13, 6, 3)
(11662, 2, 35, 2, 2)
(11663, 18, 36, 4, 3)
(11664, 18, 36, 2, 1)
(11665, 13, 36, 2, 4)
(11666, 27, 8, 4, 3)
(11667, 22, 1, 4, 6)
(11668, 12, 31, 6, 3)
(11669, 5, 24, 4, 2)
(11670, 33, 15, 4, 2)
(11671, 34, 12, 6, 5)
(11672, 16, 36, 2, 1)
(11673, 5, 24, 6, 4)
(11674, 31, 8, 2, 1)
(11675, 3, 31, 4, 5)
(11676, 5, 35, 6, 6)
(11677, 30, 12, 4, 3)
(11678, 34, 13, 6, 4)
(11679, 6, 36, 4, 2)
(11680, 17, 36, 6, 3)
(11681, 9, 36, 2, 5)
(11682, 15, 36, 6, 4)
(11683, 8, 31, 6, 5)
(11684, 1, 19, 4, 5)
(11685, 36, 9, 2, 2)
(11686, 8, 29, 2, 4)
(11687, 13, 36, 4, 1)
(11688, 14, 35, 6, 6)
(11689, 32, 13, 6, 1)
(11690, 22, 3, 6, 1)
(11691, 7, 28, 4, 3)
(11692, 30, 9, 2, 5)
(11693, 5, 31, 2, 4)
(11694, 23, 1, 2, 3)
(11695, 17, 35, 6, 4)
(11696, 19, 1, 6, 6)
(11697, 13, 31, 4, 1)
(11698, 28, 10, 4, 2)
(11699, 12, 31, 4, 1)
(11700, 4, 32, 4, 1)
(11701, 19, 1, 6, 5)
(11702, 5, 34, 6, 6)
(11703, 21, 1, 4, 4)
(11704, 17, 36, 4, 5)
(11705, 16, 35, 2, 1)
(11706, 16, 34, 6, 4)
(11707, 7, 33, 2, 2)
(11708, 7, 26, 4, 3)
(11709, 36, 11, 4, 6)
(11710, 10, 31, 4, 3)
(11711, 22, 1, 4, 4)
(11712, 13, 32, 2, 3)
(11713, 17, 35, 2, 5)
(11714, 1, 30, 6, 2)
(11715, 30, 1, 6, 1)
(11716, 15, 35, 6, 3)
(11717, 8, 29, 2, 1)
(11718, 29, 7, 2, 4)
(11719, 19, 1, 4, 5)
(11720, 2, 28, 6, 3)
(11721, 27, 5, 2, 3)
(11722, 7, 32, 4, 5)
(11723, 4, 23, 2, 6)
(11724, 12, 30, 2, 2)
(11725, 10, 36, 4, 2)
(11726, 13, 31, 4, 3)
(11727, 1, 24, 2, 5)
(11728, 24, 1, 6, 4)
(11729, 31, 1, 6, 2)
(11730, 2, 29, 6, 4)
(11731, 33, 3, 6, 2)
(11732, 36, 11, 2, 5)
(11733, 14, 33, 2, 2)
(11734, 21, 3, 6, 3)
(11735, 29, 4, 2, 3)
(11736, 35, 5, 4, 5)
(11737, 34, 2, 2, 6)
(11738, 4, 26, 6, 6)
(11739, 10, 28, 4, 5)
(11740, 24, 3, 4, 6)
(11741, 14, 36, 4, 5)
(11742, 6, 30, 6, 4)
(11743, 14, 32, 4, 6)
(11744, 21, 3, 2, 2)
(11745, 35, 4, 6, 2)
(11746, 24, 4, 2, 6)
(11747, 4, 35, 2, 1)
(11748, 20, 2, 2, 3)
(11749, 7, 33, 4, 4)
(11750, 8, 26, 2, 3)
(11751, 28, 5, 4, 3)
(11752, 36, 13, 4, 4)
(11753, 13, 35, 6, 3)
(11754, 10, 36, 6, 1)
(11755, 1, 26, 2, 6)
(11756, 24, 6, 6, 6)
(11757, 6, 30, 6, 4)
(11758, 16, 34, 6, 5)
(11759, 18, 36, 2, 6)
(11760, 36, 8, 6, 6)
(11761, 24, 5, 6, 4)
(11762, 2, 28, 6, 3)
(11763, 29, 7, 2, 2)
(11764, 31, 4, 2, 2)
(11765, 31, 6, 6, 6)
(11766, 2, 35, 4, 3)
(11767, 7, 29, 4, 6)
(11768, 28, 2, 2, 2)
(11769, 1, 34, 2, 1)
(11770, 9, 33, 2, 4)
(11771, 21, 1, 4, 2)
(11772, 2, 35, 4, 2)
(11773, 3, 21, 4, 3)
(11774, 32, 9, 6, 1)
(11775, 26, 8, 6, 1)
(11776, 3, 27, 6, 3)
(11777, 10, 28, 6, 4)
(11778, 10, 31, 4, 2)
(11779, 28, 1, 4, 4)
(11780, 26, 4, 6, 1)
(11781, 8, 36, 6, 2)
(11782, 24, 2, 6, 3)
(11783, 31, 5, 2, 1)
(11784, 16, 34, 6, 2)
(11785, 26, 4, 4, 5)
(11786, 29, 8, 4, 5)
(11787, 34, 15, 2, 4)
(11788, 5, 34, 2, 2)
(11789, 27, 3, 4, 1)
(11790, 25, 5, 4, 3)
(11791, 30, 3, 4, 2)
(11792, 26, 5, 6, 6)
(11793, 8, 31, 4, 2)
(11794, 27, 7, 4, 1)
(11795, 33, 15, 4, 6)
(11796, 18, 36, 4, 6)
(11797, 19, 1, 6, 4)
(11798, 14, 34, 6, 2)
(11799, 24, 5, 4, 6)
(11800, 2, 21, 6, 5)
(11801, 9, 28, 6, 1)
(11802, 18, 36, 2, 2)
(11803, 4, 36, 6, 2)
(11804, 17, 35, 4, 4)
(11805, 26, 6, 2, 3)
(11806, 24, 6, 6, 5)
(11807, 18, 36, 6, 1)
(11808, 20, 1, 2, 5)
(11809, 20, 2, 2, 3)
(11810, 7, 25, 6, 2)
(11811, 2, 21, 2, 2)
(11812, 21, 2, 2, 5)
(11813, 11, 34, 2, 1)
(11814, 33, 2, 6, 6)
(11815, 6, 25, 6, 3)
(11816, 31, 2, 6, 3)
(11817, 29, 1, 2, 1)
(11818, 1, 20, 6, 6)
(11819, 1, 23, 4, 1)
(11820, 3, 28, 2, 5)
(11821, 30, 7, 4, 2)
(11822, 14, 34, 2, 2)
(11823, 2, 23, 4, 6)
(11824, 31, 1, 4, 2)
(11825, 16, 35, 2, 1)
(11826, 12, 30, 4, 2)
(11827, 22, 1, 6, 1)
(11828, 22, 3, 6, 1)
(11829, 7, 32, 4, 3)
(11830, 24, 1, 6, 2)
(11831, 2, 22, 4, 2)
(11832, 13, 31, 2, 2)
(11833, 25, 7, 6, 6)
(11834, 13, 36, 2, 3)
(11835, 12, 34, 2, 6)
(11836, 6, 31, 2, 1)
(11837, 20, 1, 6, 1)
(11838, 29, 8, 2, 4)
(11839, 7, 26, 2, 6)
(11840, 21, 2, 4, 2)
(11841, 18, 36, 2, 1)
(11842, 36, 3, 4, 1)
(11843, 14, 36, 6, 3)
(11844, 21, 2, 6, 2)
(11845, 28, 1, 6, 6)
(11846, 13, 34, 4, 5)
(11847, 28, 2, 2, 5)
(11848, 8, 31, 4, 3)
(11849, 31, 10, 2, 3)
(11850, 18, 36, 4, 1)
(11851, 18, 36, 6, 5)
(11852, 2, 30, 6, 1)
(11853, 1, 35, 6, 6)
(11854, 6, 36, 4, 6)
(11855, 21, 3, 4, 6)
(11856, 16, 36, 2, 1)
(11857, 1, 33, 6, 1)
(11858, 30, 12, 6, 4)
(11859, 8, 29, 4, 2)
(11860, 10, 36, 2, 5)
(11861, 17, 35, 6, 2)
(11862, 12, 34, 2, 3)
(11863, 3, 27, 2, 5)
(11864, 10, 30, 2, 4)
(11865, 8, 32, 2, 2)
(11866, 8, 30, 2, 3)
(11867, 36, 14, 4, 3)
(11868, 19, 1, 2, 4)
(11869, 1, 27, 4, 1)
(11870, 22, 3, 4, 1)
(11871, 15, 36, 6, 2)
(11872, 26, 3, 6, 4)
(11873, 22, 3, 2, 2)
(11874, 26, 5, 2, 2)
(11875, 15, 33, 6, 3)
(11876, 33, 9, 2, 5)
(11877, 11, 29, 2, 4)
(11878, 20, 1, 4, 6)
(11879, 21, 3, 2, 3)
(11880, 3, 25, 2, 1)
(11881, 2, 35, 2, 6)
(11882, 3, 29, 4, 4)
(11883, 1, 27, 2, 5)
(11884, 36, 14, 2, 4)
(11885, 13, 34, 6, 6)
(11886, 28, 6, 2, 6)
(11887, 7, 33, 6, 6)
(11888, 12, 32, 2, 6)
(11889, 24, 3, 6, 2)
(11890, 1, 19, 2, 2)
(11891, 32, 2, 6, 5)
(11892, 1, 36, 2, 5)
(11893, 21, 2, 2, 6)
(11894, 27, 7, 6, 3)
(11895, 36, 9, 4, 6)
(11896, 12, 30, 6, 1)
(11897, 25, 3, 2, 6)
(11898, 25, 2, 6, 1)
(11899, 27, 1, 4, 1)
(11900, 13, 31, 4, 3)
(11901, 4, 27, 2, 2)
(11902, 25, 3, 2, 6)
(11903, 11, 36, 4, 3)
(11904, 25, 3, 6, 5)
(11905, 26, 1, 4, 4)
(11906, 12, 33, 2, 4)
(11907, 7, 30, 6, 5)
(11908, 18, 36, 4, 2)
(11909, 15, 36, 4, 6)
(11910, 3, 27, 6, 3)
(11911, 2, 24, 2, 1)
(11912, 34, 6, 4, 6)
(11913, 29, 2, 4, 1)
(11914, 34, 12, 2, 6)
(11915, 8, 36, 2, 6)
(11916, 9, 29, 6, 1)
(11917, 29, 5, 4, 2)
(11918, 20, 2, 4, 6)
(11919, 35, 1, 6, 4)
(11920, 1, 28, 2, 6)
(11921, 29, 1, 6, 3)
(11922, 10, 35, 6, 5)
(11923, 29, 8, 2, 6)
(11924, 16, 36, 4, 5)
(11925, 9, 34, 6, 1)
(11926, 30, 7, 2, 4)
(11927, 14, 36, 2, 3)
(11928, 27, 8, 4, 3)
(11929, 16, 36, 2, 3)
(11930, 5, 31, 4, 4)
(11931, 17, 36, 4, 5)
(11932, 22, 1, 6, 1)
(11933, 15, 34, 6, 2)
(11934, 19, 1, 2, 1)
(11935, 13, 31, 4, 5)
(11936, 7, 34, 4, 5)
(11937, 35, 3, 6, 2)
(11938, 24, 4, 4, 1)
(11939, 20, 1, 2, 2)
(11940, 29, 1, 4, 4)
(11941, 10, 34, 2, 4)
(11942, 15, 35, 2, 4)
(11943, 11, 35, 2, 3)
(11944, 36, 11, 2, 1)
(11945, 24, 4, 6, 5)
(11946, 17, 36, 6, 3)
(11947, 12, 32, 4, 2)
(11948, 28, 4, 4, 6)
(11949, 20, 2, 6, 6)
(11950, 11, 30, 6, 5)
(11951, 36, 3, 4, 1)
(11952, 23, 1, 4, 4)
(11953, 2, 26, 6, 4)
(11954, 36, 5, 4, 4)
(11955, 8, 27, 2, 4)
(11956, 30, 9, 2, 3)
(11957, 12, 33, 2, 3)
(11958, 19, 1, 6, 4)
(11959, 16, 35, 4, 1)
(11960, 36, 17, 6, 6)
(11961, 30, 7, 4, 4)
(11962, 36, 5, 4, 2)
(11963, 16, 35, 6, 1)
(11964, 35, 17, 2, 6)
(11965, 11, 33, 2, 6)
(11966, 21, 1, 2, 5)
(11967, 21, 3, 6, 5)
(11968, 23, 1, 4, 3)
(11969, 36, 7, 2, 4)
(11970, 4, 25, 6, 4)
(11971, 35, 6, 2, 1)
(11972, 22, 1, 6, 1)
(11973, 32, 9, 4, 2)
(11974, 7, 28, 4, 6)
(11975, 24, 1, 6, 2)
(11976, 21, 1, 6, 4)
(11977, 11, 30, 2, 2)
(11978, 34, 10, 2, 5)
(11979, 29, 6, 6, 3)
(11980, 24, 2, 2, 2)
(11981, 13, 33, 4, 3)
(11982, 14, 32, 4, 4)
(11983, 23, 1, 4, 5)
(11984, 11, 31, 4, 4)
(11985, 16, 35, 6, 1)
(11986, 6, 32, 4, 3)
(11987, 27, 3, 6, 4)
(11988, 17, 35, 4, 6)
(11989, 31, 9, 4, 1)
(11990, 2, 29, 2, 3)
(11991, 19, 1, 4, 1)
(11992, 3, 30, 4, 3)
(11993, 12, 30, 6, 1)
(11994, 4, 35, 6, 4)
(11995, 11, 31, 2, 1)
(11996, 21, 3, 2, 5)
(11997, 33, 12, 4, 4)
(11998, 16, 34, 6, 3)
(11999, 34, 14, 2, 4)
(12000, 33, 8, 6, 1)
(12001, 1, 28, 6, 3)
(12002, 22, 2, 6, 3)
(12003, 16, 35, 4, 1)
(12004, 29, 6, 4, 3)
(12005, 17, 35, 4, 1)
(12006, 17, 36, 6, 4)
(12007, 6, 30, 6, 3)
(12008, 33, 4, 6, 4)
(12009, 34, 2, 4, 1)
(12010, 17, 35, 4, 3)
(12011, 22, 2, 6, 1)
(12012, 2, 34, 4, 3)
(12013, 21, 3, 4, 6)
(12014, 11, 33, 4, 4)
(12015, 17, 35, 4, 3)
(12016, 7, 33, 2, 6)
(12017, 17, 36, 4, 4)
(12018, 6, 28, 2, 3)
(12019, 13, 31, 2, 5)
(12020, 5, 26, 4, 1)
(12021, 15, 33, 4, 6)
(12022, 7, 30, 4, 3)
(12023, 19, 1, 2, 6)
(12024, 22, 3, 6, 3)
(12025, 7, 28, 2, 2)
(12026, 27, 2, 6, 3)
(12027, 10, 32, 6, 2)
(12028, 10, 33, 2, 6)
(12029, 2, 34, 4, 1)
(12030, 3, 36, 4, 2)
(12031, 6, 29, 2, 2)
(12032, 31, 11, 4, 6)
(12033, 20, 1, 6, 5)
(12034, 26, 7, 2, 2)
(12035, 17, 36, 4, 4)
(12036, 6, 34, 4, 4)
(12037, 21, 3, 6, 3)
(12038, 3, 30, 4, 3)
(12039, 10, 29, 4, 6)
(12040, 15, 34, 6, 1)
(12041, 10, 33, 2, 5)
(12042, 5, 28, 6, 4)
(12043, 13, 35, 2, 1)
(12044, 33, 10, 6, 6)
(12045, 13, 36, 6, 6)
(12046, 19, 1, 6, 1)
(12047, 34, 13, 6, 6)