#(id,from,to,speed,planTime)
(10000, 26, 2, 2, 3)
(10001, 14, 33, 6, 3)
(10002, 30, 8, 4, 3)
(10003, 16, 34, 4, 3)
(10004, 9, 33, 6, 3)
(10005, 3, 27, 6, 3)
(10006, 3, 31, 6, 3)
(10007, 4, 32, 2, 2)
(10008, 18, 36, 6, 3)
(10009, 12, 35, 6, 2)
(10010, 35, 8, 4, 2)
(10011, 15, 33, 2, 2)
(10012, 36, 14, 2, 2)
(10013, 32, 14, 4, 3)
(10014, 15, 34, 2, 1)
(10015, 2, 22, 6, 1)
(10016, 16, 35, 4, 3)
(10017, 34, 7, 4, 3)
(10018, 19, 1, 6, 1)
(10019, 11, 32, 6, 3)
(10020, 33, 2, 4, 2)
(10021, 11, 33, 2, 2)
(10022, 31, 1, 6, 2)
(10023, 21, 3, 2, 3)
(10024, 20, 1, 6, 1)
(10025, 3, 26, 4, 3)
(10026, 16, 36, 4, 3)
(10027, 15, 35, 4, 2)
(10028, 28, 2, 4, 2)
(10029, 25, 1, 4, 2)
(10030, 30, 2, 2, 2)
(10031, 17, 35, 6, 1)
(10032, 20, 1, 6, 1)
(10033, 11, 35, 6, 3)
(10034, 16, 34, 2, 1)
(10035, 33, 11, 6, 2)
(10036, 31, 9, 2, 1)
(10037, 25, 5, 6, 3)
(10038, 36, 16, 6, 3)
(10039, 16, 36, 4, 3)
(10040, 22, 3, 6, 3)
(10041, 7, 34, 6, 3)
(10042, 22, 2, 6, 2)
(10043, 13, 35, 4, 2)
(10044, 31, 4, 6, 2)
(10045, 32, 3, 6, 2)
(10046, 1, 25, 6, 2)
(10047, 34, 6, 2, 2)
(10048, 19, 1, 2, 3)
(10049, 28, 3, 2, 3)
(10050, 28, 1, 4, 2)
(10051, 14, 36, 6, 2)
(10052, 27, 5, 6, 2)
(10053, 10, 31, 4, 3)
(10054, 4, 31, 4, 3)
(10055, 23, 4, 2, 1)
(10056, 12, 31, 6, 1)
(10057, 24, 3, 4, 2)
(10058, 3, 31, 2, 1)
(10059, 4, 23, 2, 1)
(10060, 21, 3, 2, 2)
(10061, 26, 2, 6, 1)
(10062, 35, 16, 4, 2)
(10063, 30, 12, 2, 3)
(10064, 12, 30, 6, 1)
(10065, 26, 5, 2, 1)
(10066, 3, 35, 4, 2)
(10067, 18, 36, 2, 3)
(10068, 9, 27, 4, 1)
(10069, 1, 32, 6, 3)
(10070, 34, 15, 6, 3)
(10071, 13, 34, 6, 2)
(10072, 10, 28, 6, 2)
(10073, 21, 2, 6, 3)
(10074, 36, 11, 2, 1)
(10075, 10, 35, 2, 1)
(10076, 12, 32, 6, 1)
(10077, 36, 3, 6, 1)
(10078, 6, 34, 2, 2)
(10079, 23, 2, 2, 1)
(10080, 13, 33, 4, 2)
(10081, 12, 35, 2, 1)
(10082, 19, 1, 4, 1)
(10083, 3, 33, 4, 1)
(10084, 20, 1, 2, 2)
(10085, 2, 29, 6, 3)
(10086, 16, 34, 2, 1)
(10087, 30, 1, 6, 3)
(10088, 24, 6, 4, 1)
(10089, 19, 1, 4, 2)
(10090, 2, 22, 4, 1)
(10091, 28, 3, 2, 2)
(10092, 3, 28, 2, 3)
(10093, 15, 34, 6, 1)
(10094, 13, 34, 4, 1)
(10095, 14, 34, 6, 3)
(10096, 13, 36, 6, 1)
(10097, 2, 26, 6, 1)
(10098, 14, 34, 2, 1)
(10099, 19, 1, 2, 1)
(10100, 35, 8, 6, 2)
(10101, 17, 35, 6, 2)
(10102, 1, 34, 2, 3)
(10103, 36, 1, 6, 1)
(10104, 17, 35, 2, 2)
(10105, 17, 35, 6, 1)
(10106, 29, 11, 2, 1)
(10107, 35, 11, 6, 3)
(10108, 15, 36, 4, 1)
(10109, 34, 5, 6, 2)
(10110, 15, 36, 6, 1)
(10111, 32, 4, 4, 2)
(10112, 25, 4, 2, 2)
(10113, 34, 7, 4, 1)
(10114, 10, 31, 4, 2)
(10115, 25, 3, 2, 1)
(10116, 3, 31, 6, 3)
(10117, 8, 32, 2, 3)
(10118, 6, 32, 2, 2)
(10119, 13, 31, 2, 2)
(10120, 25, 2, 4, 2)
(10121, 11, 30, 2, 2)
(10122, 30, 3, 4, 3)
(10123, 11, 31, 6, 3)
(10124, 1, 23, 2, 3)
(10125, 27, 6, 2, 2)
(10126, 34, 14, 4, 3)
(10127, 3, 27, 6, 3)
(10128, 17, 36, 2, 3)
(10129, 3, 21, 6, 1)
(10130, 14, 32, 6, 2)
(10131, 28, 1, 6, 3)
(10132, 7, 28, 6, 3)
(10133, 11, 35, 6, 3)
(10134, 27, 6, 4, 1)
(10135, 21, 3, 2, 3)
(10136, 21, 2, 2, 2)
(10137, 3, 21, 2, 1)
(10138, 9, 27, 6, 2)
(10139, 25, 7, 4, 1)
(10140, 18, 36, 2, 1)
(10141, 5, 29, 2, 3)
(10142, 4, 30, 2, 3)
(10143, 30, 5, 2, 2)
(10144, 32, 7, 6, 1)
(10145, 12, 33, 2, 1)
(10146, 32, 5, 2, 3)
(10147, 2, 24, 6, 1)
(10148, 18, 36, 6, 2)
(10149, 7, 29, 4, 1)
(10150, 16, 36, 2, 2)
(10151, 4, 22, 2, 2)
(10152, 21, 3, 4, 1)
(10153, 7, 30, 6, 3)
(10154, 3, 23, 2, 2)
(10155, 21, 1, 6, 1)
(10156, 8, 31, 2, 3)
(10157, 33, 3, 4, 1)
(10158, 30, 11, 2, 2)
(10159, 5, 27, 2, 1)
(10160, 5, 34, 2, 2)
(10161, 12, 32, 2, 2)
(10162, 10, 32, 6, 1)
(10163, 29, 9, 6, 3)
(10164, 28, 10, 6, 3)
(10165, 24, 2, 4, 1)
(10166, 20, 1, 2, 2)
(10167, 13, 32, 4, 2)
(10168, 4, 31, 4, 1)
(10169, 17, 36, 2, 1)
(10170, 10, 33, 6, 1)
(10171, 4, 35, 6, 1)
(10172, 34, 11, 4, 3)
(10173, 31, 5, 6, 3)
(10174, 34, 2, 6, 2)
(10175, 10, 33, 4, 3)
(10176, 30, 5, 4, 1)
(10177, 24, 2, 6, 1)
(10178, 2, 28, 2, 1)
(10179, 26, 7, 6, 2)
(10180, 14, 33, 6, 3)
(10181, 18, 36, 2, 3)
(10182, 4, 36, 2, 1)
(10183, 17, 35, 4, 3)
(10184, 20, 1, 4, 2)
(10185, 12, 30, 6, 1)
(10186, 3, 33, 6, 1)
(10187, 34, 2, 6, 2)
(10188, 10, 31, 2, 3)
(10189, 1, 36, 4, 3)
(10190, 3, 34, 6, 3)
(10191, 15, 33, 4, 2)
(10192, 3, 27, 6, 2)
(10193, 29, 9, 6, 3)
(10194, 36, 6, 4, 3)
(10195, 7, 25, 4, 2)
(10196, 7, 30, 6, 1)
(10197, 9, 31, 4, 2)
(10198, 35, 4, 2, 3)
(10199, 36, 17, 4, 2)
(10200, 5, 30, 2, 1)
(10201, 32, 9, 2, 1)
(10202, 22, 2, 2, 2)
(10203, 7, 25, 4, 2)
(10204, 11, 32, 6, 1)
(10205, 22, 3, 6, 3)
(10206, 1, 22, 6, 2)
(10207, 36, 11, 2, 1)
(10208, 14, 32, 2, 3)
(10209, 15, 33, 6, 3)
(10210, 3, 25, 2, 3)
(10211, 30, 6, 2, 1)
(10212, 4, 27, 4, 3)
(10213, 8, 28, 2, 3)
(10214, 31, 10, 6, 1)
(10215, 4, 32, 2, 2)
(10216, 15, 34, 6, 1)
(10217, 3, 22, 2, 1)
(10218, 21, 2, 2, 1)
(10219, 4, 31, 2, 1)
(10220, 33, 2, 2, 3)
(10221, 18, 36, 4, 1)
(10222, 22, 4, 4, 2)
(10223, 15, 35, 6, 1)
(10224, 21, 3, 2, 1)
(10225, 18, 36, 2, 3)
(10226, 28, 8, 2, 3)
(10227, 14, 36, 4, 1)
(10228, 15, 33, 6, 1)
(10229, 31, 1, 4, 2)
(10230, 28, 3, 4, 2)
(10231, 26, 1, 6, 3)
(10232, 2, 23, 2, 1)
(10233, 9, 30, 6, 3)
(10234, 30, 1, 6, 3)
(10235, 11, 31, 2, 2)
(10236, 21, 2, 4, 2)
(10237, 17, 35, 6, 3)
(10238, 22, 3, 2, 1)
(10239, 7, 33, 4, 1)
(10240, 32, 6, 6, 3)
(10241, 7, 30, 4, 2)
(10242, 2, 29, 2, 1)
(10243, 27, 8, 6, 2)
(10244, 35, 5, 6, 3)
(10245, 2, 30, 4, 2)
(10246, 33, 13, 2, 2)
(10247, 9, 29, 4, 2)
(10248, 13, 32, 6, 3)
(10249, 28, 5, 6, 3)
(10250, 31, 11, 2, 2)
(10251, 16, 34, 6, 3)
(10252, 32, 10, 6, 2)
(10253, 20, 2, 2, 3)
(10254, 3, 22, 6, 1)
(10255, 29, 2, 2, 1)
(10256, 27, 8, 6, 3)
(10257, 27, 6, 6, 2)
(10258, 13, 32, 2, 1)
(10259, 14, 35, 4, 2)
(10260, 26, 8, 2, 3)
(10261, 14, 36, 4, 3)
(10262, 11, 34, 4, 1)
(10263, 8, 26, 4, 3)
(10264, 32, 14, 6, 2)
(10265, 17, 35, 4, 1)
(10266, 19, 1, 2, 3)
(10267, 18, 36, 6, 2)
(10268, 3, 23, 6, 2)
(10269, 21, 2, 4, 1)
(10270, 16, 36, 6, 1)
(10271, 27, 8, 6, 3)
(10272, 16, 34, 6, 3)
(10273, 2, 34, 4, 1)
(10274, 33, 4, 6, 1)
(10275, 2, 21, 6, 3)
(10276, 31, 9, 6, 2)
(10277, 1, 26, 2, 1)
(10278, 20, 1, 2, 2)
(10279, 18, 36, 4, 2)
(10280, 6, 36, 2, 3)
(10281, 11, 35, 2, 1)
(10282, 11, 33, 2, 1)
(10283, 28, 3, 4, 3)
(10284, 28, 3, 2, 2)
(10285, 14, 33, 6, 3)
(10286, 11, 33, 4, 3)
(10287, 4, 34, 4, 3)
(10288, 21, 3, 6, 2)
(10289, 19, 1, 4, 3)
(10290, 12, 33, 6, 2)
(10291, 26, 8, 4, 1)
(10292, 18, 36, 4, 2)
(10293, 29, 1, 4, 1)
(10294, 28, 2, 4, 1)
(10295, 16, 34, 6, 1)
(10296, 13, 36, 2, 2)
(10297, 13, 36, 6, 1)
(10298, 33, 8, 2, 3)
(10299, 6, 25, 6, 2)
(10300, 26, 3, 4, 2)
(10301, 10, 30, 4, 3)
(10302, 26, 7, 6, 2)
(10303, 21, 3, 2, 2)
(10304, 22, 3, 6, 1)
(10305, 25, 7, 2, 1)
(10306, 34, 12, 2, 2)
(10307, 13, 35, 4, 3)
(10308, 13, 32, 4, 3)
(10309, 27, 9, 4, 3)
(10310, 24, 2, 6, 1)
(10311, 14, 32, 2, 3)
(10312, 4, 33, 6, 2)
(10313, 6, 25, 2, 2)
(10314, 23, 5, 4, 2)
(10315, 24, 5, 4, 3)
(10316, 1, 33, 4, 3)
(10317, 20, 2, 6, 3)
(10318, 12, 34, 4, 2)
(10319, 2, 30, 4, 1)
(10320, 36, 4, 2, 3)
(10321, 2, 29, 4, 3)
(10322, 23, 5, 4, 2)
(10323, 33, 5, 4, 2)
(10324, 26, 3, 4, 3)
(10325, 5, 27, 2, 3)
(10326, 2, 26, 6, 1)
(10327, 31, 7, 2, 2)
(10328, 19, 1, 6, 2)
(10329, 24, 4, 4, 1)
(10330, 33, 6, 6, 1)
(10331, 32, 10, 4, 3)
(10332, 2, 27, 6, 1)
(10333, 10, 34, 2, 2)
(10334, 26, 3, 2, 3)
(10335, 30, 5, 2, 1)
(10336, 21, 1, 4, 1)
(10337, 13, 36, 6, 2)
(10338, 17, 35, 2, 1)
(10339, 32, 5, 2, 2)
(10340, 11, 29, 4, 2)
(10341, 7, 27, 6, 3)
(10342, 25, 2, 4, 3)
(10343, 13, 36, 6, 1)
(10344, 1, 28, 4, 3)
(10345, 20, 2, 4, 1)
(10346, 2, 28, 6, 1)
(10347, 35, 9, 2, 2)
(10348, 23, 3, 6, 2)
(10349, 29, 2, 6, 1)
(10350, 26, 3, 4, 3)
(10351, 7, 33, 6, 2)
(10352, 15, 35, 4, 1)
(10353, 24, 4, 4, 1)
(10354, 4, 36, 4, 1)
(10355, 26, 3, 2, 1)
(10356, 36, 9, 2, 1)
(10357, 13, 32, 4, 1)
(10358, 22, 1, 6, 1)
(10359, 3, 21, 6, 2)
(10360, 22, 4, 6, 3)
(10361, 1, 19, 6, 2)
(10362, 30, 6, 4, 1)
(10363, 19, 1, 2, 2)
(10364, 30, 10, 6, 1)
(10365, 29, 8, 6, 1)
(10366, 7, 25, 4, 3)
(10367, 33, 6, 4, 2)
(10368, 14, 32, 4, 1)
(10369, 33, 3, 4, 1)
(10370, 15, 35, 4, 3)
(10371, 32, 14, 4, 1)
(10372, 22, 1, 4, 2)
(10373, 13, 31, 2, 2)
(10374, 31, 4, 6, 3)
(10375, 26, 6, 4, 2)
(10376, 36, 16, 4, 3)
(10377, 21, 3, 6, 1)
(10378, 6, 34, 2, 2)
(10379, 17, 36, 4, 3)
(10380, 15, 36, 6, 3)
(10381, 4, 27, 4, 1)
(10382, 4, 32, 4, 2)
(10383, 27, 1, 2, 1)
(10384, 11, 29, 4, 2)
(10385, 5, 28, 2, 2)
(10386, 4, 24, 6, 3)
(10387, 10, 31, 2, 1)
(10388, 31, 8, 2, 3)
(10389, 16, 34, 2, 3)
(10390, 27, 3, 2, 3)
(10391, 35, 2, 4, 2)
(10392, 2, 24, 2, 3)
(10393, 21, 3, 6, 2)
(10394, 4, 33, 6, 1)
(10395, 14, 35, 2, 3)
(10396, 35, 8, 2, 3)
(10397, 11, 36, 2, 2)
(10398, 5, 29, 4, 1)
(10399, 9, 32, 2, 1)
(10400, 24, 1, 4, 3)
(10401, 11, 31, 6, 1)
(10402, 20, 2, 6, 2)
(10403, 1, 35, 6, 2)
(10404, 22, 1, 6, 1)
(10405, 15, 36, 6, 1)
(10406, 8, 35, 2, 1)
(10407, 24, 1, 6, 2)
(10408, 3, 33, 4, 3)
(10409, 23, 2, 4, 1)
(10410, 30, 9, 6, 2)
(10411, 14, 33, 2, 2)
(10412, 20, 2, 4, 1)
(10413, 14, 34, 6, 3)
(10414, 35, 7, 6, 2)
(10415, 35, 1, 4, 3)
(10416, 20, 2, 2, 2)
(10417, 13, 36, 4, 2)
(10418, 11, 31, 2, 2)
(10419, 32, 12, 2, 2)
(10420, 30, 7, 6, 2)
(10421, 17, 35, 6, 3)
(10422, 31, 12, 2, 3)
(10423, 8, 27, 2, 1)
(10424, 8, 34, 6, 3)
(10425, 26, 5, 6, 2)
(10426, 34, 9, 2, 3)
(10427, 13, 33, 6, 3)
(10428, 18, 36, 2, 3)
(10429, 34, 10, 4, 3)
(10430, 31, 10, 6, 2)
(10431, 32, 7, 6, 3)
(10432, 29, 8, 4, 2)
(10433, 32, 5, 4, 2)
(10434, 13, 31, 2, 2)
(10435, 16, 36, 6, 1)
(10436, 16, 34, 2, 2)
(10437, 34, 13, 6, 1)
(10438, 4, 24, 4, 1)
(10439, 9, 30, 6, 2)
(10440, 33, 7, 2, 2)
(10441, 31, 7, 4, 1)
(10442, 21, 3, 2, 3)
(10443, 22, 2, 2, 3)
(10444, 31, 12, 4, 3)
(10445, 2, 27, 6, 1)
(10446, 16, 34, 6, 2)
(10447, 33, 5, 4, 2)
(10448, 9, 28, 2, 3)
(10449, 30, 8, 4, 3)
(10450, 2, 28, 2, 2)
(10451, 14, 35, 4, 2)
(10452, 1, 21, 4, 3)
(10453, 31, 5, 4, 1)
(10454, 17, 35, 6, 3)
(10455, 2, 31, 2, 1)
(10456, 16, 35, 2, 3)
(10457, 33, 1, 4, 2)
(10458, 13, 35, 2, 3)
(10459, 12, 36, 4, 2)
(10460, 10, 33, 6, 1)
(10461, 1, 33, 2, 2)
(10462, 35, 2, 6, 3)
(10463, 12, 34, 6, 2)
(10464, 19, 1, 4, 1)
(10465, 29, 1, 6, 3)
(10466, 12, 35, 6, 3)
(10467, 3, 35, 4, 2)
(10468, 10, 28, 6, 3)
(10469, 31, 4, 6, 3)
(10470, 25, 2, 4, 2)
(10471, 1, 36, 2, 3)
(10472, 15, 34, 6, 1)
(10473, 2, 34, 6, 1)
(10474, 27, 7, 6, 3)
(10475, 23, 4, 4, 3)
(10476, 6, 26, 6, 2)
(10477, 27, 5, 2, 3)
(10478, 32, 1, 6, 1)
(10479, 29, 10, 6, 3)
(10480, 17, 36, 6, 2)
(10481, 7, 28, 4, 3)
(10482, 8, 32, 6, 3)
(10483, 30, 10, 2, 2)
(10484, 31, 13, 6, 2)
(10485, 11, 35, 4, 1)
(10486, 11, 33, 4, 2)
(10487, 3, 35, 2, 1)
(10488, 9, 30, 2, 2)
(10489, 19, 1, 6, 3)
(10490, 30, 5, 4, 2)
(10491, 27, 4, 4, 2)
(10492, 4, 35, 6, 2)
(10493, 14, 35, 2, 1)
(10494, 3, 27, 2, 2)
(10495, 8, 30, 4, 2)
(10496, 28, 3, 4, 1)
(10497, 18, 36, 6, 2)
(10498, 11, 31, 4, 1)
(10499, 4, 35, 2, 1)
(10500, 5, 31, 4, 1)
(10501, 3, 28, 2, 2)
(10502, 34, 1, 6, 3)
(10503, 11, 36, 6, 3)
(10504, 17, 36, 6, 1)
(10505, 7, 28, 6, 1)
(10506, 36, 14, 2, 1)
(10507, 23, 2, 2, 3)
(10508, 32, 3, 6, 3)
(10509, 2, 36, 2, 3)
(10510, 24, 4, 6, 2)
(10511, 30, 1, 2, 3)
(10512, 3, 33, 2, 1)
(10513, 29, 1, 6, 2)
(10514, 36, 9, 6, 1)
(10515, 35, 7, 4, 1)
(10516, 31, 13, 4, 2)
(10517, 29, 6, 6, 1)
(10518, 32, 12, 6, 3)
(10519, 13, 36, 6, 1)
(10520, 6, 36, 2, 1)
(10521, 9, 34, 2, 2)
(10522, 17, 36, 4, 1)
(10523, 30, 8, 2, 3)
(10524, 32, 12, 6, 1)
(10525, 31, 5, 2, 1)
(10526, 4, 22, 2, 2)
(10527, 11, 30, 2, 1)
(10528, 4, 24, 4, 1)
(10529, 34, 5, 6, 3)
(10530, 33, 7, 4, 1)
(10531, 8, 32, 4, 3)
(10532, 13, 36, 4, 1)
(10533, 14, 32, 2, 1)
(10534, 4, 35, 4, 2)
(10535, 26, 1, 4, 3)
(10536, 7, 25, 4, 2)
(10537, 26, 7, 4, 2)
(10538, 28, 6, 6, 3)
(10539, 18, 36, 6, 1)
(10540, 14, 32, 2, 1)
(10541, 8, 34, 6, 3)
(10542, 11, 35, 6, 1)
(10543, 4, 29, 2, 1)
(10544, 22, 3, 6, 3)
(10545, 11, 30, 6, 2)
(10546, 27, 4, 4, 1)
(10547, 3, 28, 2, 3)
(10548, 13, 31, 6, 3)
(10549, 6, 27, 2, 1)
(10550, 26, 5, 2, 1)
(10551, 36, 1, 6, 1)
(10552, 3, 26, 2, 3)
(10553, 14, 33, 6, 2)
(10554, 22, 1, 4, 1)
(10555, 1, 32, 4, 1)
(10556, 33, 8, 2, 3)
(10557, 30, 1, 4, 2)
(10558, 9, 34, 6, 1)
(10559, 25, 5, 6, 3)
(10560, 6, 27, 6, 1)
(10561, 35, 7, 2, 1)
(10562, 20, 2, 4, 3)
(10563, 2, 36, 4, 2)
(10564, 18, 36, 2, 3)
(10565, 26, 7, 6, 3)
(10566, 16, 36, 6, 2)
(10567, 11, 36, 4, 1)
(10568, 22, 1, 2, 2)
(10569, 31, 13, 6, 3)
(10570, 22, 2, 6, 1)
(10571, 27, 5, 6, 3)
(10572, 28, 10, 2, 2)
(10573, 36, 17, 2, 3)
(10574, 8, 31, 4, 1)
(10575, 13, 31, 6, 1)
(10576, 14, 32, 6, 2)
(10577, 22, 2, 6, 2)
(10578, 14, 34, 4, 2)
(10579, 19, 1, 4, 2)
(10580, 11, 30, 4, 3)
(10581, 18, 36, 6, 3)
(10582, 23, 1, 2, 3)
(10583, 19, 1, 6, 2)
(10584, 2, 26, 6, 2)
(10585, 15, 34, 4, 1)
(10586, 36, 4, 6, 3)
(10587, 21, 2, 2, 2)
(10588, 16, 34, 6, 2)
(10589, 35, 2, 4, 3)
(10590, 7, 25, 2, 2)
(10591, 23, 2, 6, 1)
(10592, 12, 31, 4, 2)
(10593, 8, 30, 4, 3)
(10594, 35, 16, 2, 2)
(10595, 26, 6, 6, 3)
(10596, 18, 36, 6, 3)
(10597, 10, 33, 6, 3)
(10598, 2, 27, 2, 2)
(10599, 14, 35, 6, 1)
(10600, 11, 29, 2, 3)
(10601, 15, 35, 2, 2)
(10602, 9, 30, 2, 3)
(10603, 30, 8, 4, 3)
(10604, 6, 36, 6, 1)
(10605, 28, 10, 4, 3)
(10606, 18, 36, 6, 2)
(10607, 27, 2, 4, 3)
(10608, 2, 23, 2, 1)
(10609, 18, 36, 2, 3)
(10610, 19, 1, 2, 2)
(10611, 12, 30, 2, 3)
(10612, 9, 36, 2, 2)
(10613, 35, 12, 2, 1)
(10614, 5, 33, 2, 2)
(10615, 5, 36, 6, 2)
(10616, 22, 4, 6, 2)
(10617, 25, 4, 6, 1)
(10618, 32, 5, 6, 1)
(10619, 2, 25, 4, 2)
(10620, 15, 33, 2, 2)
(10621, 27, 7, 2, 1)
(10622, 18, 36, 2, 3)
(10623, 21, 3, 4, 2)
(10624, 3, 35, 2, 3)
(10625, 18, 36, 6, 3)
(10626, 9, 34, 2, 2)
(10627, 33, 5, 4, 2)
(10628, 3, 26, 2, 3)
(10629, 28, 1, 6, 3)
(10630, 28, 4, 4, 3)
(10631, 12, 33, 6, 1)
(10632, 8, 28, 2, 1)
(10633, 14, 36, 2, 2)
(10634, 7, 26, 2, 2)
(10635, 27, 5, 6, 1)
(10636, 20, 1, 4, 2)
(10637, 13, 31, 2, 3)
(10638, 35, 7, 6, 2)
(10639, 28, 1, 6, 3)
(10640, 22, 1, 6, 2)
(10641, 29, 6, 2, 1)
(10642, 23, 3, 4, 2)
(10643, 22, 4, 2, 2)
(10644, 23, 3, 2, 1)
(10645, 25, 6, 4, 1)
(10646, 19, 1, 2, 3)
(10647, 6, 31, 4, 2)
(10648, 25, 5, 4, 1)
(10649, 8, 36, 2, 3)
(10650, 18, 36, 6, 3)
(10651, 8, 34, 6, 3)
(10652, 21, 3, 6, 2)
(10653, 7, 35, 6, 3)
(10654, 20, 1, 4, 1)
(10655, 33, 14, 2, 1)
(10656, 14, 32, 6, 2)
(10657, 30, 5, 4, 3)
(10658, 20, 1, 4, 1)
(10659, 22, 1, 4, 3)
(10660, 1, 35, 6, 3)
(10661, 24, 2, 4, 3)
(10662, 27, 2, 4, 3)
(10663, 20, 1, 6, 3)
(10664, 23, 5, 6, 3)
(10665, 14, 33, 4, 1)
(10666, 29, 11, 4, 2)
(10667, 35, 11, 2, 2)
(10668, 24, 2, 4, 2)
(10669, 10, 28, 2, 1)
(10670, 27, 9, 2, 1)
(10671, 2, 36, 6, 1)
(10672, 30, 3, 4, 1)
(10673, 30, 4, 6, 2)
(10674, 14, 34, 4, 2)
(10675, 18, 36, 6, 2)
(10676, 19, 1, 2, 2)
(10677, 2, 25, 2, 3)
(10678, 11, 33, 4, 3)
(10679, 9, 33, 6, 2)
(10680, 12, 33, 2, 2)
(10681, 20, 1, 4, 1)
(10682, 25, 2, 2, 3)
(10683, 13, 33, 4, 3)
(10684, 5, 35, 6, 2)
(10685, 29, 7, 2, 2)
(10686, 12, 33, 2, 3)
(10687, 13, 32, 6, 1)
(10688, 36, 14, 6, 3)
(10689, 15, 33, 4, 2)
(10690, 36, 13, 2, 1)
(10691, 12, 31, 4, 3)
(10692, 23, 1, 6, 2)
(10693, 10, 30, 4, 1)
(10694, 24, 4, 6, 3)
(10695, 22, 4, 6, 2)
(10696, 9, 36, 2, 3)
(10697, 36, 12, 6, 1)
(10698, 18, 36, 2, 3)
(10699, 16, 36, 2, 1)
(10700, 27, 7, 2, 1)
(10701, 13, 35, 4, 1)
(10702, 6, 34, 4, 1)
(10703, 32, 7, 4, 1)
(10704, 5, 32, 6, 2)
(10705, 24, 3, 6, 1)
(10706, 36, 7, 4, 1)
(10707, 9, 35, 4, 1)
(10708, 11, 36, 6, 1)
(10709, 10, 36, 2, 2)
(10710, 24, 5, 4, 1)
(10711, 30, 12, 6, 3)
(10712, 6, 28, 6, 3)
(10713, 10, 32, 6, 2)
(10714, 17, 35, 6, 1)
(10715, 6, 29, 2, 1)
(10716, 31, 11, 6, 2)
(10717, 17, 36, 6, 3)
(10718, 15, 33, 2, 1)
(10719, 9, 34, 6, 2)
(10720, 17, 36, 6, 1)
(10721, 10, 32, 2, 1)
(10722, 15, 35, 6, 1)
(10723, 35, 13, 2, 2)
(10724, 10, 28, 4, 1)
(10725, 32, 5, 4, 2)
(10726, 12, 32, 6, 2)
(10727, 19, 1, 2, 1)
(10728, 25, 6, 6, 2)
(10729, 28, 9, 4, 3)
(10730, 33, 7, 4, 1)
(10731, 7, 26, 6, 1)
(10732, 15, 36, 6, 1)
(10733, 14, 34, 6, 3)
(10734, 6, 30, 6, 2)
(10735, 16, 35, 2, 2)
(10736, 18, 36, 4, 2)
(10737, 27, 1, 6, 1)
(10738, 19, 1, 6, 3)
(10739, 15, 36, 4, 1)
(10740, 30, 8, 4, 1)
(10741, 23, 5, 4, 1)
(10742, 12, 32, 6, 1)
(10743, 22, 3, 6, 2)
(10744, 9, 29, 2, 3)
(10745, 6, 29, 6, 3)
(10746, 4, 29, 6, 3)
(10747, 3, 24, 4, 2)
(10748, 14, 35, 2, 2)
(10749, 9, 32, 6, 3)
(10750, 15, 35, 2, 1)
(10751, 18, 36, 6, 3)
(10752, 25, 1, 2, 1)
(10753, 6, 26, 6, 3)
(10754, 8, 34, 2, 2)
(10755, 34, 5, 2, 2)
(10756, 28, 9, 2, 2)
(10757, 27, 9, 2, 2)
(10758, 9, 32, 6, 2)
(10759, 6, 36, 6, 2)
(10760, 28, 5, 2, 2)
(10761, 17, 35, 6, 3)
(10762, 5, 23, 2, 2)
(10763, 18, 36, 2, 3)
(10764, 5, 27, 2, 2)
(10765, 2, 32, 2, 3)
(10766, 33, 15, 4, 1)
(10767, 25, 7, 4, 2)
(10768, 10, 34, 6, 1)
(10769, 25, 1, 6, 1)
(10770, 8, 31, 4, 3)
(10771, 11, 33, 2, 2)
(10772, 31, 2, 4, 2)
(10773, 15, 34, 4, 3)
(10774, 2, 20, 4, 2)
(10775, 33, 10, 6, 2)
(10776, 33, 9, 2, 2)
(10777, 12, 31, 2, 3)
(10778, 33, 6, 2, 2)
(10779, 20, 1, 2, 2)
(10780, 7, 34, 6, 2)
(10781, 16, 35, 2, 3)
(10782, 20, 1, 4, 1)
(10783, 2, 22, 2, 1)
(10784, 4, 25, 2, 3)
(10785, 17, 35, 2, 1)
(10786, 34, 2, 2, 3)
(10787, 22, 4, 2, 2)
(10788, 22, 4, 4, 3)
(10789, 33, 2, 4, 3)
(10790, 25, 4, 2, 3)
(10791, 34, 11, 6, 1)
(10792, 34, 5, 6, 2)
(10793, 19, 1, 4, 2)
(10794, 6, 27, 6, 2)
(10795, 31, 2, 6, 1)
(10796, 3, 29, 6, 3)
(10797, 5, 32, 6, 2)
(10798, 31, 3, 2, 2)
(10799, 3, 30, 6, 1)
(10800, 21, 2, 2, 1)
(10801, 22, 3, 2, 3)
(10802, 31, 11, 4, 3)
(10803, 36, 17, 2, 1)
(10804, 36, 18, 6, 2)
(10805, 35, 6, 4, 2)
(10806, 35, 5, 4, 2)
(10807, 18, 36, 2, 3)
(10808, 35, 17, 4, 2)
(10809, 14, 34, 2, 2)
(10810, 26, 4, 6, 2)
(10811, 6, 30, 6, 3)
(10812, 27, 3, 2, 1)
(10813, 1, 36, 2, 2)
(10814, 22, 2, 6, 1)
(10815, 4, 26, 4, 1)
(10816, 8, 30, 2, 2)
(10817, 2, 31, 6, 3)
(10818, 19, 1, 2, 3)
(10819, 4, 28, 4, 3)
(10820, 20, 1, 2, 2)
(10821, 36, 1, 2, 2)
(10822, 32, 2, 4, 2)
(10823, 35, 4, 4, 2)
(10824, 23, 3, 4, 1)
(10825, 18, 36, 4, 3)
(10826, 27, 6, 6, 1)
(10827, 36, 13, 6, 2)
(10828, 28, 4, 2, 2)
(10829, 28, 7, 6, 2)
(10830, 17, 36, 6, 1)
(10831, 6, 35, 2, 2)
(10832, 26, 8, 6, 2)
(10833, 21, 1, 6, 2)
(10834, 32, 5, 2, 1)
(10835, 28, 5, 6, 3)
(10836, 22, 3, 4, 3)
(10837, 36, 10, 2, 1)
(10838, 13, 36, 4, 3)
(10839, 16, 34, 4, 2)
(10840, 1, 27, 6, 2)
(10841, 36, 14, 2, 3)
(10842, 36, 6, 6, 2)
(10843, 32, 14, 2, 3)
(10844, 28, 10, 6, 2)
(10845, 19, 1, 4, 2)
(10846, 12, 34, 4, 2)
(10847, 24, 3, 4, 2)
(10848, 5, 34, 4, 1)
(10849, 8, 32, 4, 3)
(10850, 35, 14, 4, 3)
(10851, 18, 36, 6, 3)
(10852, 7, 33, 2, 1)
(10853, 35, 7, 6, 2)
(10854, 21, 2, 4, 1)
(10855, 26, 5, 6, 1)
(10856, 22, 1, 6, 1)
(10857, 13, 32, 2, 3)
(10858, 24, 3, 4, 3)
(10859, 29, 10, 4, 3)
(10860, 25, 1, 6, 2)
(10861, 34, 2, 6, 3)
(10862, 7, 32, 2, 2)
(10863, 17, 35, 2, 3)
(10864, 27, 1, 6, 2)
(10865, 8, 36, 2, 2)
(10866, 34, 13, 6, 1)
(10867, 26, 4, 2, 1)
(10868, 27, 4, 6, 2)
(10869, 5, 30, 6, 2)
(10870, 1, 20, 2, 2)
(10871, 13, 36, 4, 1)
(10872, 3, 35, 2, 3)
(10873, 9, 32, 4, 2)
(10874, 31, 6, 4, 2)
(10875, 26, 5, 2, 3)
(10876, 15, 35, 4, 1)
(10877, 5, 34, 2, 2)
(10878, 22, 1, 6, 1)
(10879, 24, 6, 6, 1)
(10880, 7, 36, 6, 3)
(10881, 32, 6, 4, 2)
(10882, 9, 28, 2, 3)
(10883, 24, 6, 2, 2)
(10884, 20, 1, 2, 2)
(10885, 6, 28, 2, 3)
(10886, 9, 36, 2, 2)
(10887, 32, 7, 4, 1)
(10888, 14, 33, 2, 2)
(10889, 10, 30, 2, 3)
(10890, 29, 1, 6, 1)
(10891, 4, 35, 6, 3)
(10892, 20, 1, 2, 3)
(10893, 23, 2, 2, 3)
(10894, 23, 2, 6, 1)
(10895, 32, 7, 2, 1)
(10896, 22, 3, 2, 2)
(10897, 34, 3, 6, 3)
(10898, 28, 1, 2, 1)
(10899, 12, 33, 6, 3)
(10900, 1, 20, 6, 2)
(10901, 28, 2, 6, 2)
(10902, 6, 35, 4, 2)
(10903, 2, 28, 2, 1)
(10904, 16, 36, 6, 1)
(10905, 2, 23, 2, 2)
(10906, 24, 5, 6, 2)
(10907, 33, 5, 4, 1)
(10908, 30, 11, 6, 1)
(10909, 15, 33, 4, 1)
(10910, 33, 13, 6, 1)
(10911, 22, 2, 4, 1)
(10912, 3, 23, 2, 3)
(10913, 22, 2, 4, 1)
(10914, 7, 29, 2, 1)
(10915, 11, 32, 4, 2)
(10916, 18, 36, 2, 1)
(10917, 27, 3, 4, 2)
(10918, 22, 4, 4, 2)
(10919, 36, 18, 4, 2)
(10920, 14, 35, 6, 2)
(10921, 35, 5, 2, 1)
(10922, 36, 18, 2, 1)
(10923, 8, 33, 6, 2)
(10924, 28, 9, 6, 2)
(10925, 1, 27, 6, 1)
(10926, 14, 36, 2, 2)
(10927, 3, 31, 4, 2)
(10928, 14, 33, 2, 1)
(10929, 36, 6, 2, 2)
(10930, 29, 8, 2, 3)
(10931, 12, 35, 4, 1)
(10932, 11, 36, 2, 1)
(10933, 24, 3, 4, 1)
(10934, 29, 1, 4, 3)
(10935, 7, 34, 6, 2)
(10936, 18, 36, 6, 2)
(10937, 24, 4, 4, 1)
(10938, 32, 5, 2, 3)
(10939, 4, 31, 4, 1)
(10940, 36, 13, 2, 3)
(10941, 36, 7, 2, 3)
(10942, 32, 10, 4, 2)
(10943, 29, 2, 4, 3)
(10944, 33, 5, 6, 2)
(10945, 31, 4, 4, 3)
(10946, 20, 1, 4, 2)
(10947, 21, 3, 6, 2)
(10948, 21, 2, 4, 3)
(10949, 27, 7, 4, 2)
(10950, 23, 2, 4, 1)
(10951, 26, 6, 6, 3)
(10952, 7, 36, 4, 1)
(10953, 24, 5, 2, 2)
(10954, 12, 32, 4, 1)
(10955, 30, 11, 4, 1)
(10956, 35, 5, 6, 3)
(10957, 6, 34, 2, 3)
(10958, 6, 28, 4, 1)
(10959, 33, 5, 4, 1)
(10960, 26, 6, 4, 3)
(10961, 32, 13, 6, 2)
(10962, 27, 4, 2, 3)
(10963, 14, 35, 6, 3)
(10964, 2, 32, 4, 2)
(10965, 7, 35, 4, 3)
(10966, 26, 5, 2, 2)
(10967, 28, 9, 4, 3)
(10968, 30, 11, 4, 3)
(10969, 10, 36, 6, 3)
(10970, 3, 29, 4, 2)
(10971, 16, 35, 6, 3)
(10972, 6, 31, 6, 3)
(10973, 14, 35, 2, 1)
(10974, 4, 22, 2, 2)
(10975, 20, 1, 4, 1)
(10976, 30, 6, 2, 2)
(10977, 10, 35, 6, 2)
(10978, 12, 31, 6, 3)
(10979, 35, 8, 4, 1)
(10980, 19, 1, 6, 2)
(10981, 19, 1, 2, 1)
(10982, 33, 7, 4, 1)
(10983, 21, 2, 6, 1)
(10984, 36, 18, 6, 3)
(10985, 26, 6, 4, 2)
(10986, 29, 3, 6, 2)
(10987, 19, 1, 4, 2)
(10988, 32, 8, 6, 2)
(10989, 9, 33, 2, 1)
(10990, 7, 30, 4, 3)
(10991, 35, 5, 4, 2)
(10992, 5, 31, 4, 1)
(10993, 17, 35, 2, 2)
(10994, 31, 1, 4, 1)
(10995, 36, 14, 6, 1)
(10996, 24, 4, 2, 2)
(10997, 28, 9, 4, 2)
(10998, 3, 22, 4, 1)
(10999, 24, 3, 6, 3)
(11000, 9, 30, 6, 1)
(11001, 27, 6, 2, 1)
(11002, 13, 36, 6, 3)
(11003, 14, 34, 4, 3)
(11004, 4, 24, 6, 1)
(11005, 25, 5, 2, 2)
(11006, 36, 4, 4, 1)
(11007, 13, 32, 2, 1)
(11008, 17, 36, 6, 3)
(11009, 18, 36, 6, 1)
(11010, 29, 7, 2, 3)
(11011, 32, 3, 2, 1)
(11012, 31, 5, 2, 1)
(11013, 30, 2, 4, 1)
(11014, 4, 33, 6, 2)
(11015, 33, 1, 6, 2)
(11016, 29, 9, 6, 3)
(11017, 2, 29, 4, 1)
(11018, 23, 2, 2, 3)
(11019, 21, 2, 4, 2)
(11020, 22, 2, 6, 1)
(11021, 10, 32, 4, 3)
(11022, 24, 4, 2, 1)
(11023, 14, 35, 6, 1)
(11024, 17, 36, 4, 1)
(11025, 10, 31, 4, 1)
(11026, 8, 31, 6, 2)
(11027, 1, 36, 2, 2)
(11028, 18, 36, 2, 1)
(11029, 35, 8, 2, 3)
(11030, 6, 30, 2, 1)
(11031, 33, 4, 4, 1)
(11032, 3, 34, 6, 1)
(11033, 14, 36, 6, 1)
(11034, 32, 3, 2, 1)
(11035, 35, 15, 2, 2)
(11036, 21, 2, 2, 3)
(11037, 23, 3, 2, 1)
(11038, 6, 32, 2, 3)
(11039, 32, 6, 6, 1)
(11040, 29, 11, 2, 3)
(11041, 17, 35, 2, 2)
(11042, 31, 7, 6, 1)
(11043, 6, 26, 4, 1)
(11044, 16, 35, 4, 2)
(11045, 20, 1, 6, 1)
(11046, 17, 35, 4, 2)
(11047, 18, 36, 4, 2)
(11048, 1, 20, 2, 1)
(11049, 32, 2, 4, 3)
(11050, 33, 12, 4, 3)
(11051, 21, 2, 4, 1)
(11052, 3, 24, 4, 1)
(11053, 16, 35, 2, 1)
(11054, 10, 30, 4, 1)
(11055, 3, 36, 2, 3)
(11056, 31, 12, 6, 3)
(11057, 20, 2, 2, 3)
(11058, 16, 36, 2, 3)
(11059, 17, 36, 4, 2)
(11060, 1, 28, 4, 3)
(11061, 1, 31, 6, 2)
(11062, 1, 35, 2, 1)
(11063, 9, 35, 2, 1)
(11064, 10, 28, 4, 2)
(11065, 27, 1, 4, 3)
(11066, 22, 2, 6, 3)
(11067, 36, 5, 6, 3)
(11068, 10, 36, 6, 2)
(11069, 27, 3, 4, 2)
(11070, 19, 1, 2, 1)
(11071, 6, 28, 6, 2)
(11072, 26, 3, 4, 2)
(11073, 30, 6, 2, 2)
(11074, 28, 4, 6, 3)
(11075, 32, 14, 4, 1)
(11076, 26, 4, 2, 3)
(11077, 25, 4, 6, 1)
(11078, 19, 1, 4, 2)
(11079, 27, 4, 2, 1)
(11080, 5, 27, 6, 3)
(11081, 30, 3, 2, 2)
(11082, 13, 34, 4, 1)
(11083, 10, 28, 2, 1)
(11084, 27, 6, 4, 3)
(11085, 26, 4, 4, 2)
(11086, 26, 7, 4, 3)
(11087, 24, 3, 4, 2)
(11088, 35, 6, 2, 2)
(11089, 25, 1, 6, 1)
(11090, 2, 32, 6, 1)
(11091, 20, 1, 2, 2)
(11092, 23, 2, 2, 1)
(11093, 11, 34, 2, 2)
(11094, 36, 17, 4, 3)
(11095, 24, 4, 2, 2)
(11096, 19, 1, 6, 1)
(11097, 27, 3, 4, 2)
(11098, 7, 26, 2, 1)
(11099, 26, 2, 2, 1)
(11100, 19, 1, 4, 2)
(11101, 13, 34, 6, 2)
(11102, 31, 3, 6, 2)
(11103, 7, 35, 4, 1)
(11104, 3, 29, 4, 1)
(11105, 33, 2, 4, 2)
(11106, 12, 30, 6, 2)
(11107, 14, 36, 2, 1)
(11108, 13, 31, 6, 1)
(11109, 23, 2, 2, 1)
(11110, 29, 9, 2, 2)
(11111, 13, 35, 6, 1)
(11112, 29, 10, 2, 1)
(11113, 20, 2, 2, 1)
(11114, 27, 5, 2, 2)
(11115, 27, 3, 2, 2)
(11116, 25, 4, 4, 1)
(11117, 31, 7, 2, 2)
(11118, 13, 31, 2, 1)
(11119, 18, 36, 4, 3)
(11120, 25, 2, 2, 2)
(11121, 6, 30, 6, 3)
(11122, 35, 14, 2, 2)
(11123, 28, 6, 2, 1)
(11124, 14, 35, 4, 3)
(11125, 22, 3, 2, 3)
(11126, 11, 33, 2, 3)
(11127, 15, 35, 2, 2)
(11128, 12, 30, 2, 3)
(11129, 4, 26, 4, 3)
(11130, 33, 15, 2, 3)
(11131, 9, 29, 6, 1)
(11132, 36, 2, 2, 1)
(11133, 7, 35, 2, 1)
(11134, 13, 33, 4, 3)
(11135, 26, 5, 4, 1)
(11136, 35, 13, 2, 1)
(11137, 19, 1, 2, 2)
(11138, 25, 6, 6, 3)
(11139, 22, 4, 2, 3)
(11140, 19, 1, 2, 1)
(11141, 15, 33, 6, 3)
(11142, 28, 8, 2, 3)
(11143, 4, 24, 4, 3)
(11144, 14, 35, 2, 1)
(11145, 30, 7, 4, 1)
(11146, 28, 7, 2, 3)
(11147, 21, 2, 6, 2)
(11148, 19, 1, 4, 1)
(11149, 5, 26, 2, 1)
(11150, 25, 1, 6, 2)
(11151, 24, 3, 2, 3)
(11152, 17, 35, 4, 3)
(11153, 36, 16, 6, 2)
(11154, 10, 34, 2, 1)
(11155, 24, 1, 2, 1)
(11156, 11, 29, 4, 3)
(11157, 12, 34, 2, 3)
(11158, 17, 35, 6, 1)
(11159, 29, 7, 4, 2)
(11160, 28, 9, 2, 2)
(11161, 20, 2, 6, 1)
(11162, 27, 8, 4, 3)
(11163, 8, 28, 6, 1)
(11164, 3, 21, 4, 1)
(11165, 22, 4, 4, 3)
(11166, 35, 16, 6, 2)
(11167, 33, 10, 2, 2)
(11168, 8, 27, 4, 1)
(11169, 26, 3, 4, 3)
(11170, 19, 1, 4, 1)
(11171, 36, 18, 2, 2)
(11172, 7, 30, 6, 2)
(11173, 22, 1, 2, 1)
(11174, 27, 9, 4, 1)
(11175, 3, 26, 2, 1)
(11176, 25, 5, 4, 3)
(11177, 11, 34, 2, 1)
(11178, 19, 1, 2, 2)
(11179, 25, 2, 6, 3)
(11180, 19, 1, 2, 2)
(11181, 13, 34, 6, 2)
(11182, 35, 7, 4, 2)
(11183, 22, 3, 6, 3)
(11184, 11, 33, 2, 3)
(11185, 8, 29, 4, 2)
(11186, 29, 8, 6, 3)
(11187, 6, 31, 4, 1)
(11188, 29, 2, 4, 3)
(11189, 25, 4, 4, 3)
(11190, 20, 1, 6, 1)
(11191, 10, 31, 2, 1)
(11192, 2, 32, 4, 3)
(11193, 31, 12, 2, 3)
(11194, 9, 35, 4, 1)
(11195, 21, 2, 2, 2)
(11196, 6, 33, 6, 2)
(11197, 31, 2, 2, 2)
(11198, 31, 3, 2, 2)
(11199, 7, 30, 4, 2)
(11200, 11, 33, 2, 1)
(11201, 28, 8, 4, 3)
(11202, 27, 7, 6, 3)
(11203, 18, 36, 4, 2)
(11204, 33, 10, 2, 3)
(11205, 32, 13, 6, 3)
(11206, 18, 36, 2, 2)
(11207, 35, 15, 2, 1)
(11208, 15, 35, 6, 2)
(11209, 7, 32, 6, 2)
(11210, 3, 31, 4, 2)
(11211, 18, 36, 6, 1)
(11212, 27, 4, 2, 2)
(11213, 3, 27, 4, 1)
(11214, 36, 13, 2, 2)
(11215, 26, 5, 4, 1)
(11216, 3, 21, 2, 2)
(11217, 10, 29, 2, 2)
(11218, 3, 25, 6, 1)
(11219, 4, 31, 6, 2)
(11220, 24, 1, 6, 2)
(11221, 12, 32, 6, 1)
(11222, 14, 36, 4, 2)
(11223, 5, 36, 2, 1)
(11224, 10, 33, 2, 2)
(11225, 17, 35, 2, 1)
(11226, 18, 36, 6, 2)
(11227, 13, 32, 6, 2)
(11228, 9, 32, 4, 1)
(11229, 24, 2, 2, 2)
(11230, 26, 1, 6, 1)
(11231, 4, 30, 6, 3)
(11232, 22, 4, 2, 3)
(11233, 18, 36, 6, 3)
(11234, 6, 27, 2, 3)
(11235, 34, 1, 6, 2)
(11236, 4, 33, 2, 3)
(11237, 3, 35, 6, 3)
(11238, 29, 2, 6, 3)
(11239, 14, 33, 2, 2)
(11240, 10, 33, 6, 2)
(11241, 33, 1, 2, 2)
(11242, 11, 34, 6, 2)
(11243, 29, 9, 4, 2)
(11244, 2, 35, 4, 3)
(11245, 36, 16, 2, 2)
(11246, 33, 6, 2, 2)
(11247, 20, 2, 2, 2)
(11248, 16, 34, 6, 3)
(11249, 20, 2, 2, 2)
(11250, 18, 36, 2, 2)
(11251, 5, 25, 6, 3)
(11252, 6, 26, 4, 2)
(11253, 2, 35, 6, 2)
(11254, 3, 36, 4, 2)
(11255, 4, 28, 6, 2)
(11256, 23, 4, 2, 3)
(11257, 7, 30, 6, 3)
(11258, 31, 5, 6, 1)
(11259, 25, 6, 6, 1)
(11260, 18, 36, 6, 3)
(11261, 14, 33, 2, 1)
(11262, 2, 35, 6, 3)
(11263, 12, 36, 2, 2)
(11264, 20, 1, 6, 3)
(11265, 16, 35, 6, 2)
(11266, 4, 35, 4, 1)
(11267, 36, 16, 2, 2)
(11268, 4, 35, 2, 2)
(11269, 22, 4, 4, 3)
(11270, 27, 7, 4, 3)
(11271, 22, 4, 2, 1)
(11272, 17, 36, 6, 2)
(11273, 3, 24, 6, 1)
(11274, 1, 33, 4, 1)
(11275, 19, 1, 2, 1)
(11276, 16, 35, 6, 1)
(11277, 22, 4, 2, 3)
(11278, 19, 1, 6, 2)
(11279, 34, 15, 6, 2)
(11280, 29, 2, 4, 3)
(11281, 14, 34, 4, 2)
(11282, 8, 36, 4, 2)
(11283, 8, 34, 6, 2)
(11284, 26, 8, 4, 3)
(11285, 29, 6, 6, 2)
(11286, 25, 6, 2, 1)
(11287, 16, 34, 2, 1)
(11288, 2, 30, 2, 3)
(11289, 25, 2, 2, 2)
(11290, 4, 33, 6, 2)
(11291, 12, 35, 4, 3)
(11292, 30, 4, 2, 3)
(11293, 22, 3, 6, 3)
(11294, 1, 34, 2, 1)
(11295, 18, 36, 4, 1)
(11296, 31, 2, 2, 1)
(11297, 4, 36, 6, 2)
(11298, 13, 31, 6, 1)
(11299, 24, 4, 4, 3)
(11300, 11, 31, 4, 1)
(11301, 33, 7, 4, 1)
(11302, 5, 24, 6, 1)
(11303, 20, 2, 2, 3)
(11304, 5, 32, 2, 3)
(11305, 10, 36, 4, 3)
(11306, 31, 12, 6, 1)
(11307, 30, 4, 6, 1)
(11308, 34, 11, 6, 3)
(11309, 9, 28, 6, 3)
(11310, 7, 30, 6, 1)
(11311, 23, 3, 2, 3)
(11312, 34, 16, 4, 2)
(11313, 20, 1, 2, 1)
(11314, 12, 35, 2, 3)
(11315, 21, 1, 6, 2)
(11316, 11, 36, 2, 1)
(11317, 4, 29, 6, 3)
(11318, 12, 35, 6, 3)
(11319, 18, 36, 6, 1)
(11320, 10, 29, 4, 2)
(11321, 12, 36, 6, 1)
(11322, 32, 12, 6, 2)
(11323, 6, 32, 6, 2)
(11324, 33, 3, 2, 3)
(11325, 27, 5, 6, 3)
(11326, 35, 9, 2, 2)
(11327, 36, 12, 2, 1)
(11328, 4, 26, 4, 1)
(11329, 13, 32, 6, 3)
(11330, 17, 35, 4, 3)
(11331, 21, 3, 4, 3)
(11332, 35, 11, 4, 1)
(11333, 29, 2, 4, 2)
(11334, 15, 34, 6, 3)
(11335, 19, 1, 4, 3)
(11336, 7, 34, 6, 1)
(11337, 31, 2, 6, 1)
(11338, 18, 36, 6, 3)
(11339, 13, 35, 4, 1)
(11340, 35, 5, 6, 1)
(11341, 34, 13, 4, 3)
(11342, 36, 11, 2, 2)
(11343, 25, 2, 2, 1)
(11344, 9, 30, 2, 1)
(11345, 2, 33, 6, 3)
(11346, 23, 2, 6, 2)
(11347, 4, 25, 2, 3)
(11348, 6, 33, 6, 1)
(11349, 15, 36, 2, 3)
(11350, 22, 4, 2, 3)
(11351, 34, 7, 2, 1)
(11352, 13, 36, 6, 2)
(11353, 3, 34, 2, 1)
(11354, 2, 30, 4, 2)
(11355, 35, 13, 4, 1)
(11356, 1, 21, 2, 1)
(11357, 33, 5, 6, 1)
(11358, 1, 21, 2, 3)
(11359, 13, 33, 2, 1)
(11360, 2, 25, 4, 3)
(11361, 6, 24, 2, 3)
(11362, 36, 17, 2, 2)
(11363, 20, 2, 4, 3)
(11364, 22, 3, 6, 1)
(11365, 5, 25, 4, 1)
(11366, 32, 5, 6, 1)
(11367, 17, 36, 4, 2)
(11368, 9, 27, 2, 3)
(11369, 26, 8, 6, 2)
(11370, 12, 33, 6, 3)
(11371, 4, 28, 2, 1)
(11372, 31, 6, 2, 2)
(11373, 23, 1, 6, 3)
(11374, 33, 11, 4, 3)
(11375, 33, 3, 2, 1)
(11376, 35, 10, 4, 1)
(11377, 22, 3, 6, 3)
(11378, 17, 36, 6, 1)
(11379, 11, 29, 6, 1)
(11380, 34, 13, 2, 1)
(11381, 34, 7, 4, 1)
(11382, 25, 7, 6, 1)
(11383, 8, 30, 6, 1)
(11384, 22, 4, 2, 3)
(11385, 3, 22, 4, 3)
(11386, 22, 4, 6, 2)
(11387, 20, 2, 6, 2)
(11388, 11, 29, 6, 3)
(11389, 24, 3, 6, 3)
(11390, 17, 35, 2, 1)
(11391, 26, 1, 6, 1)
(11392, 30, 3, 4, 1)
(11393, 32, 2, 2, 1)
(11394, 17, 36, 6, 2)
(11395, 17, 35, 2, 2)
(11396, 28, 10, 2, 3)
(11397, 24, 3, 2, 3)
(11398, 35, 15, 6, 1)
(11399, 34, 6, 4, 1)
(11400, 7, 29, 4, 3)
(11401, 21, 1, 2, 3)
(11402, 4, 27, 6, 2)
(11403, 24, 4, 2, 1)
(11404, 3, 32, 6, 3)
(11405, 24, 1, 2, 2)
(11406, 2, 20, 2, 1)
(11407, 19, 1, 2, 3)
(11408, 29, 7, 4, 3)
(11409, 7, 27, 2, 1)
(11410, 5, 31, 4, 1)
(11411, 5, 35, 4, 1)
(11412, 29, 7, 6, 2)
(11413, 35, 1, 6, 1)
(11414, 12, 36, 2, 1)
(11415, 12, 34, 6, 1)
(11416, 25, 2, 4, 1)
(11417, 9, 33, 4, 3)
(11418, 8, 33, 6, 1)
(11419, 26, 3, 6, 1)
(11420, 34, 16, 4, 2)
(11421, 33, 12, 6, 3)
(11422, 23, 1, 4, 1)
(11423, 10, 33, 2, 3)
(11424, 13, 32, 4, 3)
(11425, 15, 34, 2, 1)
(11426, 24, 4, 2, 3)
(11427, 12, 36, 2, 2)
(11428, 23, 3, 6, 1)
(11429, 5, 23, 6, 3)
(11430, 21, 2, 4, 2)
(11431, 11, 33, 2, 3)
(11432, 29, 4, 4, 3)
(11433, 30, 6, 4, 1)
(11434, 30, 9, 6, 3)
(11435, 26, 4, 4, 3)
(11436, 33, 6, 4, 1)
(11437, 17, 36, 4, 1)
(11438, 10, 31, 6, 3)
(11439, 6, 36, 6, 2)
(11440, 24, 6, 6, 1)
(11441, 2, 23, 6, 1)
(11442, 24, 4, 2, 3)
(11443, 29, 3, 6, 2)
(11444, 10, 36, 6, 3)
(11445, 30, 10, 4, 1)
(11446, 20, 1, 6, 1)
(11447, 33, 9, 6, 1)
(11448, 9, 28, 2, 2)
(11449, 21, 2, 4, 3)
(11450, 5, 25, 6, 2)
(11451, 18, 36, 2, 1)
(11452, 24, 6, 2, 1)
(11453, 23, 2, 4, 2)
(11454, 29, 8, 6, 1)
(11455, 13, 31, 4, 2)
(11456, 34, 3, 4, 3)
(11457, 30, 5, 4, 3)
(11458, 6, 28, 6, 3)
(11459, 1, 23, 4, 3)
(11460, 3, 25, 6, 2)
(11461, 22, 3, 2, 3)
(11462, 34, 16, 6, 3)
(11463, 12, 35, 2, 1)
(11464, 30, 1, 6, 2)
(11465, 28, 4, 2, 3)
(11466, 6, 30, 6, 1)
(11467, 10, 35, 4, 3)
(11468, 11, 31, 2, 2)
(11469, 31, 1, 4, 1)
(11470, 22, 4, 2, 2)
(11471, 16, 35, 2, 1)
(11472, 30, 10, 2, 1)
(11473, 5, 26, 6, 3)
(11474, 20, 2, 2, 1)
(11475, 8, 36, 4, 2)
(11476, 11, 30, 4, 1)
(11477, 16, 34, 4, 3)
(11478, 28, 7, 6, 2)
(11479, 4, 32, 4, 3)
(11480, 15, 35, 2, 1)
(11481, 19, 1, 2, 2)
(11482, 7, 28, 6, 2)
(11483, 36, 9, 4, 2)
(11484, 18, 36, 2, 1)
(11485, 19, 1, 4, 3)
(11486, 32, 9, 2, 1)
(11487, 3, 27, 4, 3)
(11488, 10, 36, 4, 1)
(11489, 18, 36, 2, 3)
(11490, 8, 33, 2, 1)
(11491, 10, 34, 4, 2)
(11492, 7, 27, 2, 1)
(11493, 13, 33, 6, 1)
(11494, 25, 6, 2, 2)
(11495, 30, 2, 2, 3)
(11496, 20, 2, 6, 1)
(11497, 2, 30, 4, 2)
(11498, 23, 1, 4, 1)
(11499, 3, 23, 6, 1)
(11500, 6, 24, 6, 1)
(11501, 24, 1, 6, 1)
(11502, 34, 13, 4, 3)
(11503, 22, 3, 4, 1)
(11504, 32, 6, 6, 1)
(11505, 32, 7, 4, 2)
(11506, 21, 1, 6, 2)
(11507, 25, 3, 6, 3)
(11508, 20, 2, 2, 3)
(11509, 25, 2, 6, 2)
(11510, 16, 35, 4, 2)
(11511, 19, 1, 2, 2)
(11512, 26, 8, 6, 3)
(11513, 23, 2, 2, 1)
(11514, 27, 4, 4, 2)
(11515, 1, 21, 2, 1)
(11516, 5, 25, 2, 1)
(11517, 19, 1, 2, 2)
(11518, 16, 34, 6, 2)
(11519, 30, 6, 4, 2)
(11520, 31, 10, 4, 2)
(11521, 31, 10, 4, 1)
(11522, 25, 6, 4, 1)
(11523, 16, 34, 4, 1)
(11524, 22, 1, 4, 3)
(11525, 24, 4, 6, 1)
(11526, 2, 31, 6, 3)
(11527, 24, 2, 4, 1)
(11528, 3, 23, 4, 1)
(11529, 19, 1, 4, 2)
(11530, 19, 1, 6, 2)
(11531, 33, 7, 6, 3)
(11532, 9, 33, 4, 2)
(11533, 17, 36, 6, 3)
(11534, 31, 11, 2, 2)
(11535, 12, 32, 6, 2)
(11536, 17, 35, 4, 3)
(11537, 4, 34, 4, 1)
(11538, 9, 29, 2, 1)
(11539, 14, 32, 6, 1)
(11540, 17, 35, 6, 2)
(11541, 2, 28, 2, 2)
(11542, 19, 1, 2, 2)
(11543, 1, 19, 6, 3)
(11544, 33, 5, 4, 2)
(11545, 4, 23, 4, 2)
(11546, 25, 5, 6, 1)
(11547, 9, 33, 4, 2)
(11548, 10, 36, 4, 3)
(11549, 3, 34, 4, 3)
(11550, 5, 30, 2, 3)
(11551, 31, 8, 6, 2)
(11552, 20, 1, 6, 1)
(11553, 33, 1, 2, 2)
(11554, 25, 2, 4, 2)
(11555, 16, 34, 2, 3)
(11556, 30, 9, 6, 2)
(11557, 2, 35, 6, 1)
(11558, 16, 36, 2, 2)
(11559, 5, 32, 6, 1)
(11560, 32, 5, 6, 1)
(11561, 24, 1, 6, 1)
(11562, 13, 32, 4, 2)
(11563, 6, 28, 6, 1)
(11564, 32, 13, 4, 2)
(11565, 12, 32, 6, 3)
(11566, 11, 30, 6, 1)
(11567, 28, 8, 4, 2)
(11568, 27, 4, 2, 1)
(11569, 23, 3, 4, 2)
(11570, 11, 33, 6, 1)
(11571, 34, 14, 6, 2)
(11572, 3, 26, 2, 1)
(11573, 7, 32, 2, 1)
(11574, 21, 2, 4, 3)
(11575, 33, 11, 6, 3)
(11576, 2, 20, 2, 3)
(11577, 5, 24, 4, 3)
(11578, 11, 32, 6, 3)
(11579, 29, 5, 6, 2)
(11580, 6, 33, 6, 2)
(11581, 24, 6, 2, 3)
(11582, 4, 22, 2, 1)
(11583, 8, 36, 4, 2)
(11584, 18, 36, 2, 3)
(11585, 3, 28, 2, 1)
(11586, 5, 30, 6, 3)
(11587, 13, 32, 2, 1)
(11588, 33, 2, 6, 2)
(11589, 6, 32, 2, 1)
(11590, 20, 1, 2, 2)
(11591, 13, 32, 6, 3)
(11592, 34, 1, 4, 1)
(11593, 15, 35, 2, 1)
(11594, 26, 2, 6, 1)
(11595, 13, 35, 2, 2)
(11596, 19, 1, 2, 3)
(11597, 5, 29, 2, 2)
(11598, 1, 21, 4, 2)
(11599, 29, 3, 4, 3)
(11600, 8, 35, 2, 2)
(11601, 20, 2, 4, 3)
(11602, 24, 2, 6, 1)
(11603, 14, 36, 4, 3)
(11604, 18, 36, 6, 1)
(11605, 6, 25, 6, 2)
(11606, 20, 1, 2, 3)
(11607, 18, 36, 6, 3)
(11608, 26, 8, 6, 2)
(11609, 31, 6, 4, 3)
(11610, 14, 35, 4, 3)
(11611, 22, 3, 6, 3)
(11612, 29, 4, 4, 3)
(11613, 22, 3, 6, 1)
(11614, 16, 34, 6, 2)
(11615, 12, 34, 6, 3)
(11616, 31, 10, 6, 3)
(11617, 35, 8, 4, 2)
(11618, 32, 6, 6, 3)
(11619, 35, 6, 4, 1)
(11620, 25, 2, 2, 1)
(11621, 8, 32, 6, 3)
(11622, 2, 30, 4, 2)
(11623, 9, 30, 2, 3)
(11624, 25, 4, 6, 1)
(11625, 20, 2, 4, 1)
(11626, 23, 3, 6, 3)
(11627, 35, 17, 4, 1)
(11628, 15, 35, 4, 2)
(11629, 10, 36, 6, 1)
(11630, 26, 1, 6, 2)
(11631, 7, 35, 6, 1)
(11632, 2, 30, 6, 2)
(11633, 16, 36, 2, 2)
(11634, 14, 33, 4, 3)
(11635, 11, 36, 4, 3)
(11636, 31, 8, 4, 2)
(11637, 32, 3, 2, 2)
(11638, 18, 36, 6, 3)
(11639, 18, 36, 2, 2)
(11640, 27, 8, 2, 1)
(11641, 18, 36, 4, 3)
(11642, 17, 35, 4, 1)
(11643, 6, 29, 4, 1)
(11644, 13, 31, 6, 1)
(11645, 30, 8, 6, 3)
(11646, 21, 1, 2, 3)
(11647, 15, 35, 6, 2)
(11648, 34, 1, 4, 1)
(11649, 30, 10, 2, 3)
(11650, 32, 13, 4, 3)
(11651, 18, 36, 6, 2)
(11652, 3, 36, 4, 1)
(11653, 33, 5, 4, 3)
(11654, 11, 34, 4, 2)
(11655, 25, 5, 4, 2)
(11656, 29, 10, 6, 3)
(11657, 10, 36, 2, 1)
(11658, 34, 8, 6, 1)
(11659, 12, 35, 6, 3)
(11660, 33, 12, 2, 1)
(11661, 26, 6, 2, 1)
(11662, 1, 28, 4, 3)
(11663, 12, 34, 6, 3)
(11664, 17, 36, 4, 1)
(11665, 29, 9, 4, 2)
(11666, 14, 33, 4, 1)
(11667, 34, 11, 4, 3)
(11668, 19, 1, 6, 2)
(11669, 9, 27, 2, 3)
(11670, 6, 31, 4, 2)
(11671, 9, 34, 6, 1)
(11672, 18, 36, 6, 3)
(11673, 12, 36, 6, 1)
(11674, 24, 6, 2, 2)
(11675, 34, 6, 2, 2)
(11676, 8, 32, 6, 1)
(11677, 30, 11, 6, 3)
(11678, 22, 4, 2, 2)
(11679, 34, 10, 2, 3)
(11680, 4, 33, 2, 3)
(11681, 2, 24, 4, 3)
(11682, 15, 36, 6, 1)
(11683, 21, 1, 6, 1)
(11684, 8, 29, 6, 1)
(11685, 9, 27, 2, 1)
(11686, 35, 1, 4, 2)
(11687, 12, 30, 6, 3)
(11688, 12, 33, 2, 2)
(11689, 6, 24, 4, 3)
(11690, 6, 34, 2, 3)
(11691, 23, 1, 2, 3)
(11692, 28, 2, 2, 2)
(11693, 8, 31, 6, 2)
(11694, 26, 6, 4, 3)
(11695, 13, 35, 2, 2)
(11696, 10, 34, 4, 3)
(11697, 14, 36, 6, 2)
(11698, 1, 21, 2, 1)
(11699, 15, 33, 4, 3)
(11700, 4, 31, 6, 1)
(11701, 12, 32, 6, 1)
(11702, 17, 35, 4, 1)
(11703, 33, 12, 2, 1)
(11704, 31, 13, 6, 2)
(11705, 27, 4, 2, 2)
(11706, 14, 34, 6, 3)
(11707, 15, 36, 6, 3)
(11708, 1, 31, 2, 3)
(11709, 25, 4, 2, 1)
(11710, 34, 5, 2, 3)
(11711, 19, 1, 6, 1)
(11712, 32, 2, 6, 3)
(11713, 9, 35, 4, 3)
(11714, 4, 27, 2, 3)
(11715, 1, 35, 2, 3)
(11716, 33, 9, 4, 3)
(11717, 30, 6, 2, 1)
(11718, 10, 30, 6, 3)
(11719, 18, 36, 6, 1)
(11720, 7, 30, 2, 3)
(11721, 12, 32, 2, 3)
(11722, 28, 9, 6, 2)
(11723, 25, 6, 6, 2)
(11724, 2, 22, 4, 2)
(11725, 34, 9, 6, 1)
(11726, 24, 4, 4, 2)
(11727, 35, 6, 2, 1)
(11728, 24, 1, 4, 2)
(11729, 3, 22, 4, 1)
(11730, 17, 36, 6, 1)
(11731, 23, 3, 4, 3)
(11732, 36, 6, 2, 1)
(11733, 33, 14, 6, 1)
(11734, 33, 7, 2, 1)
(11735, 15, 36, 6, 3)
(11736, 19, 1, 4, 3)
(11737, 17, 36, 2, 3)
(11738, 14, 35, 2, 3)
(11739, 24, 5, 6, 2)
(11740, 7, 36, 6, 1)
(11741, 25, 2, 2, 1)
(11742, 24, 6, 4, 1)
(11743, 20, 2, 2, 1)
(11744, 20, 1, 6, 2)
(11745, 8, 30, 2, 1)
(11746, 1, 26, 4, 1)
(11747, 1, 22, 2, 3)
(11748, 1, 34, 6, 1)
(11749, 16, 36, 6, 3)
(11750, 17, 35, 6, 1)
(11751, 11, 36, 6, 2)
(11752, 9, 34, 2, 3)
(11753, 20, 1, 4, 3)
(11754, 1, 32, 4, 3)
(11755, 11, 29, 6, 2)
(11756, 24, 4, 4, 2)
(11757, 6, 25, 4, 1)
(11758, 22, 2, 4, 1)
(11759, 29, 8, 4, 1)
(11760, 29, 11, 4, 3)
(11761, 10, 30, 4, 3)
(11762, 35, 10, 4, 2)
(11763, 34, 7, 4, 2)
(11764, 16, 36, 2, 1)
(11765, 30, 2, 2, 2)
(11766, 20, 2, 2, 2)
(11767, 6, 25, 4, 1)
(11768, 1, 24, 4, 1)
(11769, 33, 3, 2, 2)
(11770, 13, 31, 4, 3)
(11771, 6, 26, 6, 3)
(11772, 8, 31, 4, 3)
(11773, 5, 29, 6, 3)
(11774, 4, 31, 6, 1)
(11775, 22, 2, 2, 2)
(11776, 14, 36, 4, 3)
(11777, 23, 1, 6, 1)
(11778, 34, 3, 6, 3)
(11779, 9, 31, 2, 1)
(11780, 35, 16, 6, 1)
(11781, 4, 23, 2, 1)
(11782, 30, 1, 4, 2)
(11783, 15, 35, 4, 3)
(11784, 18, 36, 2, 1)
(11785, 17, 36, 2, 1)
(11786, 36, 4, 2, 1)
(11787, 14, 33, 2, 2)
(11788, 22, 3, 2, 2)
(11789, 20, 1, 2, 2)
(11790, 20, 2, 2, 2)
(11791, 30, 6, 6, 1)
(11792, 8, 35, 6, 3)
(11793, 6, 34, 2, 1)
(11794, 10, 32, 6, 1)
(11795, 1, 32, 2, 3)
(11796, 27, 8, 6, 1)
(11797, 22, 3, 6, 3)
(11798, 34, 2, 4, 2)
(11799, 16, 36, 4, 1)
(11800, 27, 3, 4, 2)
(11801, 26, 6, 4, 1)
(11802, 23, 4, 2, 3)
(11803, 5, 31, 6, 2)
(11804, 9, 28, 4, 1)
(11805, 27, 2, 6, 2)
(11806, 12, 34, 4, 2)
(11807, 28, 6, 2, 2)
(11808, 24, 3, 6, 1)
(11809, 28, 3, 4, 3)
(11810, 4, 31, 2, 2)
(11811, 8, 36, 6, 1)
(11812, 35, 3, 2, 1)
(11813, 6, 26, 2, 2)
(11814, 17, 35, 4, 3)
(11815, 26, 7, 2, 1)
(11816, 30, 3, 6, 3)
(11817, 16, 35, 4, 2)
(11818, 14, 33, 2, 3)
(11819, 17, 36, 6, 2)
(11820, 28, 7, 6, 3)
(11821, 23, 2, 2, 3)
(11822, 16, 35, 6, 2)
(11823, 11, 31, 2, 3)
(11824, 14, 32, 6, 1)
(11825, 12, 30, 2, 2)
(11826, 32, 6, 4, 2)
(11827, 33, 9, 4, 1)
(11828, 30, 8, 4, 3)
(11829, 26, 8, 4, 1)
(11830, 32, 13, 2, 3)
(11831, 16, 36, 2, 1)
(11832, 4, 28, 4, 1)
(11833, 36, 1, 4, 1)
(11834, 12, 33, 4, 3)
(11835, 1, 21, 2, 1)
(11836, 7, 28, 4, 2)
(11837, 18, 36, 4, 2)
(11838, 8, 30, 6, 3)
(11839, 20, 2, 2, 3)
(11840, 36, 9, 6, 1)
(11841, 28, 5, 6, 3)
(11842, 5, 35, 2, 1)
(11843, 20, 1, 2, 3)
(11844, 23, 5, 2, 2)
(11845, 14, 32, 2, 3)
(11846, 16, 34, 4, 3)
(11847, 23, 3, 6, 2)
(11848, 12, 36, 4, 1)
(11849, 30, 6, 2, 2)
(11850, 3, 27, 4, 1)
(11851, 18, 36, 4, 1)
(11852, 18, 36, 4, 1)
(11853, 33, 6, 4, 3)
(11854, 13, 34, 6, 2)
(11855, 34, 2, 4, 3)
(11856, 13, 31, 2, 3)
(11857, 23, 2, 2, 3)
(11858, 9, 27, 4, 1)
(11859, 12, 34, 2, 3)
(11860, 18, 36, 2, 2)
(11861, 32, 4, 4, 1)
(11862, 6, 35, 6, 3)
(11863, 23, 2, 2, 3)
(11864, 13, 34, 2, 1)
(11865, 1, 28, 2, 1)
(11866, 22, 4, 4, 3)
(11867, 13, 31, 4, 3)
(11868, 28, 10, 4, 3)
(11869, 3, 28, 6, 2)
(11870, 26, 8, 6, 2)
(11871, 30, 6, 4, 3)
(11872, 35, 2, 2, 1)
(11873, 18, 36, 4, 2)
(11874, 1, 21, 4, 2)
(11875, 8, 33, 4, 1)
(11876, 29, 2, 6, 2)
(11877, 10, 31, 6, 3)
(11878, 23, 3, 2, 3)
(11879, 5, 23, 4, 1)
(11880, 34, 3, 2, 3)
(11881, 19, 1, 6, 1)
(11882, 2, 22, 6, 2)
(11883, 29, 1, 2, 2)
(11884, 30, 4, 2, 1)
(11885, 24, 5, 4, 1)
(11886, 22, 1, 4, 1)
(11887, 33, 3, 4, 2)
(11888, 23, 1, 6, 1)
(11889, 36, 16, 4, 2)
(11890, 22, 2, 6, 3)
(11891, 36, 1, 6, 2)
(11892, 23, 2, 6, 3)
(11893, 24, 4, 6, 2)
(11894, 6, 30, 6, 1)
(11895, 12, 35, 2, 1)
(11896, 11, 36, 2, 3)
(11897, 33, 7, 2, 3)
(11898, 4, 31, 2, 1)
(11899, 24, 1, 4, 1)
(11900, 30, 5, 6, 3)
(11901, 29, 3, 4, 3)
(11902, 33, 2, 4, 2)
(11903, 2, 36, 4, 1)
(11904, 5, 27, 6, 3)
(11905, 34, 12, 4, 3)
(11906, 1, 34, 6, 1)
(11907, 18, 36, 6, 1)
(11908, 24, 2, 4, 2)
(11909, 11, 34, 4, 3)
(11910, 19, 1, 4, 3)
(11911, 9, 27, 2, 3)
(11912, 21, 3, 6, 2)
(11913, 11, 30, 2, 3)
(11914, 10, 36, 4, 1)
(11915, 22, 4, 4, 3)
(11916, 30, 8, 2, 1)
(11917, 27, 4, 4, 3)
(11918, 2, 25, 4, 1)
(11919, 24, 2, 4, 2)
(11920, 5, 28, 6, 1)
(11921, 27, 5, 2, 2)
(11922, 25, 2, 4, 1)
(11923, 3, 23, 2, 2)
(11924, 13, 33, 4, 3)
(11925, 18, 36, 2, 1)
(11926, 10, 35, 6, 2)
(11927, 35, 17, 2, 2)
(11928, 30, 11, 6, 3)
(11929, 18, 36, 2, 3)
(11930, 15, 36, 6, 2)
(11931, 11, 36, 4, 3)
(11932, 22, 4, 6, 2)
(11933, 15, 33, 4, 2)
(11934, 33, 13, 4, 2)
(11935, 8, 30, 6, 2)
(11936, 20, 1, 4, 1)
(11937, 5, 30, 6, 3)
(11938, 23, 2, 4, 1)
(11939, 13, 31, 6, 3)
(11940, 23, 3, 2, 2)
(11941, 31, 1, 2, 1)
(11942, 5, 32, 4, 1)
(11943, 33, 1, 4, 3)
(11944, 20, 1, 6, 2)
(11945, 4, 22, 4, 2)
(11946, 24, 6, 2, 2)
(11947, 10, 36, 6, 3)
(11948, 15, 33, 6, 3)
(11949, 1, 32, 6, 3)
(11950, 29, 3, 4, 1)
(11951, 15, 35, 4, 2)
(11952, 11, 29, 4, 3)
(11953, 24, 4, 6, 3)
(11954, 6, 33, 2, 3)
(11955, 24, 4, 2, 1)
(11956, 36, 14, 2, 3)
(11957, 15, 33, 2, 3)
(11958, 11, 36, 4, 1)
(11959, 2, 21, 6, 1)
(11960, 12, 30, 2, 3)
(11961, 32, 10, 4, 1)
(11962, 4, 29, 2, 1)
(11963, 33, 10, 4, 1)
(11964, 6, 29, 6, 3)
(11965, 8, 29, 2, 1)
(11966, 7, 30, 6, 2)
(11967, 10, 30, 6, 1)
(11968, 28, 6, 4, 1)
(11969, 36, 1, 4, 1)
(11970, 10, 34, 4, 3)
(11971, 10, 28, 6, 2)
(11972, 36, 11, 6, 1)
(11973, 35, 16, 4, 2)
(11974, 22, 1, 4, 1)
(11975, 11, 30, 2, 3)
(11976, 24, 6, 2, 3)
(11977, 32, 12, 4, 2)
(11978, 2, 31, 2, 3)
(11979, 16, 34, 4, 2)
(11980, 26, 3, 4, 2)
(11981, 36, 10, 2, 2)
(11982, 24, 4, 4, 2)
(11983, 19, 1, 2, 2)
(11984, 9, 33, 6, 2)
(11985, 29, 3, 2, 3)
(11986, 17, 35, 6, 2)
(11987, 27, 6, 2, 1)
(11988, 5, 36, 4, 3)
(11989, 26, 5, 6, 1)
(11990, 17, 35, 2, 3)
(11991, 19, 1, 6, 1)
(11992, 18, 36, 6, 2)
(11993, 14, 36, 4, 3)
(11994, 7, 32, 4, 2)
(11995, 4, 26, 2, 2)
(11996, 30, 8, 2, 1)
(11997, 9, 30, 4, 3)
(11998, 10, 28, 2, 3)
(11999, 15, 36, 2, 1)
(12000, 29, 2, 6, 3)
(12001, 16, 36, 2, 1)
(12002, 9, 31, 4, 2)
(12003, 16, 35, 4, 2)
(12004, 20, 2, 6, 1)
(12005, 3, 25, 6, 3)
(12006, 10, 36, 6, 2)
(12007, 12, 36, 6, 2)
(12008, 2, 33, 2, 3)
(12009, 30, 9, 6, 1)
(12010, 23, 5, 2, 1)
(12011, 31, 4, 6, 1)
(12012, 35, 5, 2, 1)
(12013, 16, 36, 4, 2)
(12014, 1, 22, 2, 3)
(12015, 31, 6, 6, 2)
(12016, 36, 14, 4, 2)
(12017, 35, 15, 6, 2)
(12018, 23, 5, 6, 2)
(12019, 21, 1, 4, 2)
(12020, 13, 35, 6, 1)
(12021, 21, 2, 6, 2)
(12022, 31, 4, 2, 1)
(12023, 24, 3, 2, 1)
(12024, 26, 5, 6, 1)
(12025, 11, 35, 2, 2)
(12026, 1, 32, 2, 3)
(12027, 2, 26, 4, 3)
(12028, 36, 7, 4, 3)
(12029, 31, 2, 2, 2)
(12030, 2, 29, 4, 3)
(12031, 15, 36, 6, 2)
(12032, 23, 2, 4, 3)
(12033, 1, 32, 4, 3)
(12034, 9, 32, 2, 1)
(12035, 21, 2, 2, 1)
(12036, 14, 33, 4, 3)
(12037, 32, 6, 4, 1)
(12038, 11, 35, 2, 1)
(12039, 23, 2, 2, 1)
(12040, 10, 35, 2, 3)
(12041, 15, 34, 4, 2)
(12042, 20, 1, 4, 2)
(12043, 5, 33, 4, 2)
(12044, 34, 2, 6, 2)
(12045, 10, 34, 4, 2)
(12046, 1, 27, 6, 1)
(12047, 20, 1, 6, 3)